x,y,z,signal,mito.p
405,476,1,0.131398528531405,1
405,477,1,0.116298977456962,1
405,478,1,0.101877205481212,1
405,479,1,0.0953378406713435,1
405,480,1,0.0957054649573754,1
406,474,1,0.172576524330892,1
406,475,1,0.155354221635376,1
406,476,1,0.144476164067027,1
406,477,1,0.134013101020081,1
406,478,1,0.117197929867813,1
406,479,1,0.104158298726611,1
406,480,1,0.0976062617776352,1
406,481,1,0.0957292883384387,1
406,482,1,0.0946410052723793,1
406,483,1,0.0944794896018246,1
407,471,1,0.10417204090403,1
407,472,1,0.138762351848988,1
407,477,1,0.16995858542955,1
407,478,1,0.142941464624197,1
407,479,1,0.121008636868336,1
407,480,1,0.109612644688416,1
407,481,1,0.105977267673282,1
407,482,1,0.102673674672188,1
407,483,1,0.0984880154266341,1
407,484,1,0.103097770530693,1
408,470,1,0.0889843920124069,1
408,471,1,0.0968289811388555,1
408,472,1,0.12298087377453,1
408,473,1,0.170884757691387,1
408,477,1,0.189784952597062,1
408,478,1,0.148936745009822,1
408,479,1,0.129161294833884,1
408,480,1,0.123479631856806,1
408,481,1,0.127200287318512,1
408,482,1,0.127727611816839,1
408,483,1,0.115267147929021,1
408,484,1,0.110243931223612,1
409,469,1,0.0871994178222119,1
409,470,1,0.0910463618505036,1
409,471,1,0.100684148832374,1
409,472,1,0.12863454743487,1
409,478,1,0.153320451514809,1
409,479,1,0.134320346290367,1
409,480,1,0.132239819102449,1
409,481,1,0.147431682021356,1
409,482,1,0.156026939092169,1
409,483,1,0.143273128409214,1
409,484,1,0.134152169931895,1
409,485,1,0.137173837895111,1
410,469,1,0.086619120416004,1
410,470,1,0.0952962594634669,1
410,471,1,0.114154668771925,1
410,472,1,0.147074914416172,1
410,479,1,0.158087929063722,1
410,480,1,0.146146830512857,1
410,481,1,0.162350805399803,1
410,482,1,0.171513964264472,1
410,483,1,0.173667855202704,1
410,484,1,0.180386156868675,1
410,489,1,0.137041898564408,1
411,469,1,0.0868039545057221,1
411,470,1,0.103167335043856,1
411,471,1,0.133558106302463,1
411,472,1,0.161167763828646,1
411,473,1,0.175098448333837,1
411,479,1,0.182731572641799,1
411,480,1,0.162325725625441,1
411,481,1,0.17047379084228,1
411,482,1,0.169962745353773,1
411,483,1,0.183130757046575,1
412,468,1,0.0794612734619726,1
412,469,1,0.0874283639407573,1
412,470,1,0.110419657964778,1
412,471,1,0.149577878302066,1
412,472,1,0.166897578529751,1
412,473,1,0.15188917307824,1
412,474,1,0.159154300390196,1
412,478,1,0.18332694676759,1
412,479,1,0.156120801891039,1
412,480,1,0.139115031667363,1
412,481,1,0.13330005874871,1
412,482,1,0.126948335376265,1
412,483,1,0.139325624825427,1
412,484,1,0.17264454991255,1
413,468,1,0.0802820529615583,1
413,469,1,0.0855031906859249,1
413,470,1,0.104706218456713,1
413,471,1,0.136571201936284,1
413,472,1,0.147722984923088,1
413,473,1,0.131324287109217,1
413,474,1,0.1383388451127,1
413,475,1,0.148189004642187,1
413,476,1,0.126157060079116,1
413,477,1,0.109547131893355,1
413,478,1,0.103543687957015,1
413,479,1,0.0992366515004967,1
413,480,1,0.0932274786511727,1
413,481,1,0.0871675992110668,1
413,482,1,0.082627156139221,1
413,483,1,0.0865050230724306,1
413,484,1,0.106440125369055,1
413,485,1,0.144021938815161,1
413,486,1,0.172415513622237,1
414,468,1,0.0822502742183575,1
414,469,1,0.0847243410583848,1
414,470,1,0.0947623464146359,1
414,471,1,0.10811576929647,1
414,472,1,0.110447935831173,1
414,473,1,0.0999073851783968,1
414,474,1,0.100706403224677,1
414,475,1,0.0983672754294965,1
414,476,1,0.0775951026005634,1
414,477,1,0.0655063507855861,1
414,478,1,0.0644710466388582,1
414,479,1,0.0647438823625369,1
414,480,1,0.0647053850291204,1
414,481,1,0.0635192595835036,1
414,482,1,0.0631005860539719,1
414,483,1,0.0626964662477695,1
414,484,1,0.0680838205975209,1
414,485,1,0.0881625424745095,1
414,486,1,0.118926594794718,1
414,487,1,0.144412755279882,1
414,488,1,0.163887957514718,1
415,467,1,0.0869065639660727,1
415,468,1,0.0857907905337245,1
415,469,1,0.0893526354779113,1
415,470,1,0.0952226853123608,1
415,471,1,0.0931683199600186,1
415,472,1,0.0854231061331807,1
415,473,1,0.075191045121087,1
415,474,1,0.0697582381888931,1
415,475,1,0.0646626135539084,1
415,476,1,0.0573816160108125,1
415,477,1,0.0528477975581774,1
415,478,1,0.0509374305076243,1
415,479,1,0.0491338628989007,1
415,480,1,0.0494590583624384,1
415,481,1,0.0495353436780309,1
415,482,1,0.0499307528914599,1
415,483,1,0.0489398252774116,1
415,484,1,0.0491728892400218,1
415,485,1,0.0553366345337769,1
415,486,1,0.0707519010132325,1
415,487,1,0.0888119535350411,1
415,488,1,0.109913493774637,1
415,489,1,0.137594423066121,1
415,490,1,0.15579570261072,1
415,493,1,0.15163083697483,1
415,494,1,0.144583167898197,1
416,467,1,0.0903520632839413,1
416,468,1,0.0878027270635725,1
416,469,1,0.0963430695277712,1
416,470,1,0.101981961029638,1
416,471,1,0.0925186744528906,1
416,472,1,0.0806182433693212,1
416,473,1,0.0689491810191266,1
416,474,1,0.0600130746658787,1
416,475,1,0.0546039468399196,1
416,476,1,0.050576845630935,1
416,486,1,0.0512405038307852,1
416,487,1,0.0591912732195909,1
416,488,1,0.0757040022510721,1
416,489,1,0.105133788934005,1
416,490,1,0.128914873426731,1
416,491,1,0.129957247040058,1
416,492,1,0.129133497883584,1
416,493,1,0.133891898141202,1
416,494,1,0.144647803021384,1
416,495,1,0.164234385423856,1
417,468,1,0.0873172362540714,1
417,469,1,0.100441226089814,1
417,470,1,0.105920856215321,1
417,471,1,0.0956618939591552,1
417,472,1,0.0848019789504949,1
417,473,1,0.0723712176430033,1
417,474,1,0.060827776588312,1
417,475,1,0.0536004312470808,1
417,476,1,0.0480057209057304,1
417,487,1,0.0505506236808472,1
417,488,1,0.0598097313179486,1
417,489,1,0.0784472919326133,1
417,490,1,0.0976957061598811,1
417,491,1,0.101536801046166,1
417,492,1,0.102507854802582,1
417,493,1,0.114538884663239,1
417,494,1,0.136998832528087,1
417,495,1,0.158983911817686,1
418,468,1,0.079772931137432,1
418,469,1,0.0891220301988376,1
418,470,1,0.0943558400623113,1
418,471,1,0.090870659155142,1
418,472,1,0.085029295965768,1
418,473,1,0.0755977979429103,1
418,474,1,0.0654662664290556,1
418,475,1,0.0561628002936281,1
418,476,1,0.0480199860794027,1
418,487,1,0.0493835815870308,1
418,488,1,0.0543839397492927,1
418,489,1,0.0629250156105364,1
418,490,1,0.0745983581139779,1
418,491,1,0.0822599646776746,1
418,492,1,0.0894815330143128,1
418,493,1,0.103837167004077,1
418,494,1,0.122460546605386,1
418,495,1,0.137699358958082,1
418,496,1,0.144132345127704,1
419,468,1,0.0723973373984209,1
419,469,1,0.075325166608572,1
419,470,1,0.079389875456197,1
419,471,1,0.0809874306326624,1
419,472,1,0.0776514900127193,1
419,473,1,0.0745221689816044,1
419,474,1,0.0701410353777269,1
419,475,1,0.0612383466816405,1
419,476,1,0.0527644608103398,1
419,486,1,0.0497255009077772,1
419,487,1,0.053418687043274,1
419,488,1,0.0561586644152099,1
419,489,1,0.0613058853357525,1
419,490,1,0.0712786123435388,1
419,491,1,0.0808208533202062,1
419,492,1,0.0906411840288919,1
419,493,1,0.102593818554589,1
419,494,1,0.11025407855322,1
419,495,1,0.114868095776172,1
420,469,1,0.0697276819824977,1
420,470,1,0.0724631026744321,1
420,471,1,0.0737790574313848,1
420,472,1,0.0709053673506448,1
420,473,1,0.0713565027165988,1
420,474,1,0.0693620775440654,1
420,475,1,0.0613588101520234,1
420,476,1,0.0556817399236536,1
420,477,1,0.0486936022481481,1
420,485,1,0.0547277526771637,1
420,486,1,0.0611888243467428,1
420,487,1,0.0607415423210011,1
420,488,1,0.0614794840231979,1
420,489,1,0.0663435535698209,1
420,490,1,0.0783035160545182,1
420,491,1,0.0894142768984067,1
420,492,1,0.0989898092917606,1
420,493,1,0.111362445877703,1
420,494,1,0.121105228866046,1
420,495,1,0.129578982485421,1
421,469,1,0.0692570635032391,1
421,470,1,0.0699253625434075,1
421,471,1,0.0673626869128495,1
421,472,1,0.0663178425930842,1
421,473,1,0.0713753486160774,1
421,474,1,0.071194920920081,1
421,475,1,0.0630567986435088,1
421,476,1,0.0577149690136142,1
421,477,1,0.0516311459634211,1
421,484,1,0.0526820738717901,1
421,485,1,0.0647382255869677,1
421,486,1,0.0696351236685357,1
421,487,1,0.0659344983621921,1
421,488,1,0.0670999684615225,1
421,489,1,0.0735183528162062,1
421,490,1,0.0869518602507843,1
421,491,1,0.0979126293760479,1
421,492,1,0.104897995772555,1
421,493,1,0.121791484110917,1
421,494,1,0.149645338807313,1
421,495,1,0.171426004710669,1
422,470,1,0.0644206526435381,1
422,471,1,0.0618213973324931,1
422,472,1,0.0650635833596875,1
422,473,1,0.075122556657687,1
422,474,1,0.0792854565490384,1
422,475,1,0.0698276584272274,1
422,476,1,0.0617702218485184,1
422,477,1,0.0547024444676567,1
422,478,1,0.0479648971407037,1
422,484,1,0.0550290405993215,1
422,485,1,0.064235217408701,1
422,486,1,0.0687078633340335,1
422,487,1,0.067909470478677,1
422,488,1,0.0707015430866195,1
422,489,1,0.0775702993529562,1
422,490,1,0.0889298741615709,1
422,491,1,0.0964882641083469,1
422,492,1,0.10078900657547,1
422,493,1,0.119215228612122,1
422,494,1,0.156571059585119,1
423,471,1,0.0606606221765416,1
423,472,1,0.0637116981589762,1
423,473,1,0.0720728212288676,1
423,474,1,0.0773962738524765,1
423,475,1,0.0717371538173581,1
423,476,1,0.0655675593815958,1
423,477,1,0.0584837855291193,1
423,478,1,0.0510092913951414,1
423,482,1,0.0476273992423071,1
423,483,1,0.051374330757162,1
423,484,1,0.0585110955518724,1
423,485,1,0.0649007030897128,1
423,486,1,0.0699462583477416,1
423,487,1,0.0730694296642898,1
423,488,1,0.076760869473216,1
423,489,1,0.0821621343210196,1
423,490,1,0.0897899204603252,1
423,491,1,0.0935106480594459,1
423,492,1,0.0951721650765657,1
423,493,1,0.104472288845132,1
424,472,1,0.061329366064098,1
424,473,1,0.0638688074358092,1
424,474,1,0.0673353889129988,1
424,475,1,0.0679852808896255,1
424,476,1,0.0671001307707046,1
424,477,1,0.06068987990948,1
424,478,1,0.0542172602421663,1
424,479,1,0.0501999877558762,1
424,480,1,0.0495121605165193,1
424,481,1,0.0502072706289921,1
424,482,1,0.0526918665257775,1
424,483,1,0.056971869486297,1
424,484,1,0.0645173107672112,1
424,485,1,0.0710899790166689,1
424,486,1,0.0767682214780206,1
424,487,1,0.0818009002076019,1
424,488,1,0.0852322305350172,1
424,489,1,0.0883014130084341,1
424,490,1,0.0935227551221411,1
424,491,1,0.0962213797213457,1
424,492,1,0.0958868604970133,1
425,473,1,0.0604551207176345,1
425,474,1,0.0630077271674504,1
425,475,1,0.0664186726638827,1
425,476,1,0.0667327769999762,1
425,477,1,0.0621681799172517,1
425,478,1,0.0580294580825837,1
425,479,1,0.0574564164979613,1
425,480,1,0.0601195615122464,1
425,481,1,0.0617148744174182,1
425,482,1,0.0646515885524272,1
425,483,1,0.0686101111262439,1
425,484,1,0.0747914218803742,1
425,485,1,0.0818322078453959,1
425,486,1,0.0903174914281515,1
425,487,1,0.0980111630724921,1
425,488,1,0.100582038322472,1
425,489,1,0.101837241353706,1
425,490,1,0.10532153857755,1
425,491,1,0.104886934702367,1
426,474,1,0.0661198073565543,1
426,475,1,0.0670724720837825,1
426,476,1,0.0661432159474855,1
426,477,1,0.0640384986799815,1
426,478,1,0.0619197386624992,1
426,479,1,0.0641041196811642,1
426,480,1,0.071030225191847,1
426,481,1,0.0751775975047765,1
426,482,1,0.0808780522782727,1
426,483,1,0.0864050526391521,1
426,484,1,0.0926666763811718,1
426,485,1,0.100351919970945,1
426,486,1,0.112340064138818,1
427,480,1,0.0787957577237049,1
427,481,1,0.0862971531017549,1
427,482,1,0.0986675714622081,1
427,483,1,0.109361462211922,1
427,484,1,0.116837783827061,1
428,484,1,0.128409695114585,1
405,475,2,0.145417773735518,1
405,476,2,0.135528840345859,1
405,477,2,0.120865191620056,1
405,478,2,0.106318609894714,1
405,479,2,0.0967637869507073,1
405,480,2,0.0928111315532513,1
405,481,2,0.0920344220023346,1
406,477,2,0.144646047677637,1
406,478,2,0.12910567688748,1
406,479,2,0.115456328297949,1
406,480,2,0.103704674619865,1
406,481,2,0.0966463953318821,1
406,482,2,0.093001604384185,1
406,483,2,0.0929762120143613,1
407,471,2,0.127533081256353,1
407,478,2,0.150972138222211,1
407,479,2,0.138418280428716,1
407,480,2,0.124061864950296,1
407,481,2,0.110681192160221,1
407,482,2,0.0993363093383133,1
407,483,2,0.0927426911814608,1
408,470,2,0.103193100123653,1
408,471,2,0.108276635730296,1
408,472,2,0.131509055072972,1
408,478,2,0.143337018112454,1
408,479,2,0.141544138863945,1
408,480,2,0.137576629170601,1
408,481,2,0.132559784603452,1
408,482,2,0.122183502865875,1
408,483,2,0.107965795612198,1
409,469,2,0.105072640452507,1
409,470,2,0.103475950925013,1
409,471,2,0.115941789050195,1
409,479,2,0.131649121885684,1
409,480,2,0.129653680777899,1
409,481,2,0.137859504017765,1
409,482,2,0.140004437893726,1
409,483,2,0.131851106645645,1
409,484,2,0.132751549896391,1
410,468,2,0.100312328553412,1
410,469,2,0.10224026106434,1
410,470,2,0.105370435721524,1
410,471,2,0.13060201124882,1
410,479,2,0.144453272460898,1
410,480,2,0.126690227708,1
410,481,2,0.136106661034177,1
410,482,2,0.143168913891396,1
410,483,2,0.157482660089273,1
411,468,2,0.0940410744665871,1
411,469,2,0.0975029309431419,1
411,470,2,0.109491321580513,1
411,471,2,0.144215868230529,1
411,472,2,0.170312034713678,1
411,480,2,0.134481693640289,1
411,481,2,0.136942012291446,1
411,482,2,0.136078479351002,1
412,468,2,0.0871352876609241,1
412,469,2,0.0923575014350536,1
412,470,2,0.115358606147416,1
412,471,2,0.162125568346641,1
412,472,2,0.173659078483968,1
412,473,2,0.140210065593108,1
412,474,2,0.142299020835594,1
412,479,2,0.129878485006575,1
412,480,2,0.107454545734351,1
412,481,2,0.100620884320058,1
412,482,2,0.0963140642757827,1
412,483,2,0.107505017878537,1
413,468,2,0.0843969874838701,1
413,469,2,0.0878271095095964,1
413,470,2,0.108402671815931,1
413,471,2,0.14881037228292,1
413,472,2,0.158633191732398,1
413,473,2,0.128745206228364,1
413,474,2,0.132533141851781,1
413,475,2,0.130376762172756,1
413,476,2,0.0977403832651202,1
413,477,2,0.083326432187368,1
413,478,2,0.0797672563275093,1
413,479,2,0.0770194219888689,1
413,480,2,0.071679870698975,1
413,481,2,0.066861560318805,1
413,482,2,0.0645785434090257,1
413,483,2,0.0669352607103862,1
413,484,2,0.0840877223659841,1
414,467,2,0.0886773992230704,1
414,468,2,0.086657762024249,1
414,469,2,0.0876400271371334,1
414,470,2,0.0968123534648658,1
414,471,2,0.110888755546886,1
414,472,2,0.114844146154633,1
414,473,2,0.099026972083013,1
414,474,2,0.0951386211789293,1
414,475,2,0.0846052542103242,1
414,476,2,0.0624690770950821,1
414,477,2,0.0540330874120789,1
414,478,2,0.0522943593158834,1
414,479,2,0.0520578928719001,1
414,480,2,0.0530205245852002,1
414,481,2,0.0528155641569002,1
414,482,2,0.0534462315126235,1
414,483,2,0.0528341756097824,1
414,484,2,0.0566519640998059,1
414,485,2,0.0762706837203361,1
414,486,2,0.10820093953692,1
415,467,2,0.0974076133730839,1
415,468,2,0.0897849249443869,1
415,469,2,0.0954637805737598,1
415,470,2,0.101753489815736,1
415,471,2,0.0958577229930987,1
415,472,2,0.0873518381671172,1
415,473,2,0.0756646031999772,1
415,474,2,0.0669984651081907,1
415,475,2,0.0576083198580643,1
415,476,2,0.049741386167545,1
415,486,2,0.0582066696521938,1
415,487,2,0.0729027321228098,1
415,488,2,0.0897981020453939,1
415,495,2,0.157810212041677,1
416,468,2,0.0903277169066246,1
416,469,2,0.101605944757745,1
416,470,2,0.109387708207814,1
416,471,2,0.096800769398424,1
416,472,2,0.0835797667633885,1
416,473,2,0.0709276938803619,1
416,474,2,0.0602524145835305,1
416,475,2,0.0514003903980677,1
416,487,2,0.0490625610763441,1
416,488,2,0.060072299482996,1
416,489,2,0.0857998798479228,1
416,490,2,0.115690342069847,1
416,491,2,0.124553589634681,1
416,492,2,0.123982237267843,1
416,493,2,0.119868721448011,1
416,494,2,0.134523389065738,1
416,495,2,0.16068067998458,1
416,496,2,0.150785446594075,1
417,468,2,0.0898327099698908,1
417,469,2,0.102662313029441,1
417,470,2,0.109664451374766,1
417,471,2,0.0995010711925103,1
417,472,2,0.0884654895571955,1
417,473,2,0.0752762814875004,1
417,474,2,0.0633330248256583,1
417,475,2,0.052054334092796,1
417,488,2,0.0480257781126236,1
417,489,2,0.061657933951753,1
417,490,2,0.07963998789438,1
417,491,2,0.0873607952293893,1
417,492,2,0.0912474809614936,1
417,493,2,0.102705042424494,1
417,494,2,0.135265695081498,1
417,495,2,0.16781986739412,1
417,496,2,0.153184039664421,1
418,468,2,0.0852332885504266,1
418,469,2,0.0923741591662992,1
418,470,2,0.0964334456849515,1
418,471,2,0.0921510742126634,1
418,472,2,0.0855530496620891,1
418,473,2,0.0774288378835691,1
418,474,2,0.071699588258876,1
418,475,2,0.060219916678401,1
418,476,2,0.0475109664499466,1
418,489,2,0.0514897866887042,1
418,490,2,0.0599407388737176,1
418,491,2,0.067753220839364,1
418,492,2,0.0776084119534966,1
418,493,2,0.0963239711473427,1
418,494,2,0.120911600023238,1
418,495,2,0.137893576923107,1
418,496,2,0.133416536626955,1
419,469,2,0.0824121145072765,1
419,470,2,0.0846103338865792,1
419,471,2,0.0816804908402797,1
419,472,2,0.0750980058910298,1
419,473,2,0.0745863352115992,1
419,474,2,0.0783034379056527,1
419,475,2,0.0707045488122142,1
419,476,2,0.0548880239773223,1
419,489,2,0.0502593448249196,1
419,490,2,0.0576496726307957,1
419,491,2,0.065947098363885,1
419,492,2,0.0770906697083648,1
419,493,2,0.093274259764328,1
419,494,2,0.101883529527864,1
419,495,2,0.104721451474027,1
419,496,2,0.111733424553498,1
420,469,2,0.0770519920314127,1
420,470,2,0.0775161482006428,1
420,471,2,0.0739194428510091,1
420,472,2,0.0682230938986752,1
420,473,2,0.0695836295776479,1
420,474,2,0.0725943206309927,1
420,475,2,0.0676118735875494,1
420,476,2,0.0574331161131515,1
420,485,2,0.0489350040935578,1
420,486,2,0.0524867137310394,1
420,487,2,0.0523201003498761,1
420,488,2,0.0519021001028776,1
420,489,2,0.0548650421994255,1
420,490,2,0.0635208105379104,1
420,491,2,0.0729172918575904,1
420,492,2,0.0827297896453763,1
420,493,2,0.0990016879193107,1
420,494,2,0.111402434051014,1
420,495,2,0.124750404546619,1
420,496,2,0.134609641367402,1
421,470,2,0.0696332060156063,1
421,471,2,0.0647873932462452,1
421,472,2,0.0633160064073413,1
421,473,2,0.0694771066625731,1
421,474,2,0.0717298438927119,1
421,475,2,0.0642198341051075,1
421,476,2,0.0577670642496208,1
421,477,2,0.0518661636476678,1
421,484,2,0.0481113541260293,1
421,485,2,0.0559195288868985,1
421,486,2,0.059224456430156,1
421,487,2,0.0574220730773167,1
421,488,2,0.0572685105566854,1
421,489,2,0.0614411730447683,1
421,490,2,0.0724282603033388,1
421,491,2,0.0828453778288447,1
421,492,2,0.0897250208332852,1
421,493,2,0.106939604825474,1
421,494,2,0.139816123173769,1
421,495,2,0.176345319493722,1
421,496,2,0.181220101446365,1
422,471,2,0.0579674800208217,1
422,472,2,0.0621092676955963,1
422,473,2,0.0764208497710455,1
422,474,2,0.0846379985849525,1
422,475,2,0.0730751465543708,1
422,476,2,0.0639312784365687,1
422,477,2,0.0594315148549211,1
422,478,2,0.0511148705123795,1
422,484,2,0.0490027801999918,1
422,485,2,0.055311109912027,1
422,486,2,0.0599597591052806,1
422,487,2,0.0611060707096706,1
422,488,2,0.0625200481897164,1
422,489,2,0.0677606269472293,1
422,490,2,0.0783766874383947,1
422,491,2,0.0871813353770344,1
422,492,2,0.0924926148119849,1
422,493,2,0.105712042446809,1
422,494,2,0.13952150195098,1
422,495,2,0.172717853548353,1
423,472,2,0.0590183838833859,1
423,473,2,0.0699600546282211,1
423,474,2,0.0788023703200131,1
423,475,2,0.0727801526216083,1
423,476,2,0.0679938291732167,1
423,477,2,0.0638258856743175,1
423,478,2,0.0546002798546941,1
423,484,2,0.0520169188205937,1
423,485,2,0.0572899534030777,1
423,486,2,0.0633491174804921,1
423,487,2,0.0675104243372784,1
423,488,2,0.0713433676957502,1
423,489,2,0.0774199830159672,1
423,490,2,0.085993923480863,1
423,491,2,0.0906597173329086,1
423,492,2,0.092606988682313,1
423,493,2,0.0958685856853978,1
423,494,2,0.109814905975132,1
424,473,2,0.0582896276786065,1
424,474,2,0.0629685385171472,1
424,475,2,0.0654103358871902,1
424,476,2,0.0675670161387747,1
424,477,2,0.0637501894809415,1
424,478,2,0.0565420266804555,1
424,479,2,0.0510947201279929,1
424,480,2,0.0492047860000323,1
424,481,2,0.0512880183409857,1
424,482,2,0.0521913591112055,1
424,483,2,0.053531089157612,1
424,484,2,0.0587248206760064,1
424,485,2,0.0647817184363225,1
424,486,2,0.0713650570116413,1
424,487,2,0.078207332835489,1
424,488,2,0.0849123131256238,1
424,489,2,0.0922863859674839,1
424,490,2,0.0998250763887125,1
424,491,2,0.101071863388281,1
424,492,2,0.0976873261969232,1
425,474,2,0.0590360515384314,1
425,475,2,0.062876833829254,1
425,476,2,0.0643513406113252,1
425,477,2,0.0612844244550066,1
425,478,2,0.0576264924750097,1
425,479,2,0.0571548760948536,1
425,480,2,0.0596555255720401,1
425,481,2,0.0650831806905647,1
425,482,2,0.0666793893019638,1
425,483,2,0.0684631612019209,1
425,484,2,0.0734818512845846,1
425,485,2,0.0799470047295213,1
425,486,2,0.090549106631025,1
425,491,2,0.115290304039003,1
426,476,2,0.062884961311262,1
426,477,2,0.0610882587797966,1
426,478,2,0.0591483634810015,1
426,479,2,0.0611846824568734,1
426,480,2,0.068188540077239,1
426,481,2,0.0769380149168631,1
426,482,2,0.08238625324426,1
426,483,2,0.0915150386310281,1
426,484,2,0.10203671332707,1
427,480,2,0.072818944516133,1
427,481,2,0.0816227568630574,1
427,482,2,0.0953632630984231,1
427,483,2,0.1181132334259,1
405,476,3,0.13189894577421,1
405,477,3,0.117429635242455,1
405,478,3,0.104861001301936,1
405,479,3,0.0960633627153831,1
405,480,3,0.0919834388847979,1
405,481,3,0.0935869453979408,1
405,482,3,0.101445102369724,1
406,477,3,0.140873212819607,1
406,478,3,0.12651190401992,1
406,479,3,0.116799298516547,1
406,480,3,0.106621971767532,1
406,481,3,0.0985473724956775,1
406,482,3,0.0957066852819669,1
406,483,3,0.0996781925903526,1
406,484,3,0.105646589766259,1
407,471,3,0.132682261909983,1
407,478,3,0.143954370103793,1
407,479,3,0.150843252708712,1
407,480,3,0.138302427741395,1
407,481,3,0.115660922027727,1
407,482,3,0.0972513336765151,1
407,483,3,0.0925730901090564,1
408,470,3,0.107520455285191,1
408,471,3,0.10945845096541,1
408,478,3,0.133180803580016,1
408,479,3,0.156232398470918,1
408,480,3,0.15313581580298,1
408,481,3,0.134795563529786,1
408,482,3,0.113353198053559,1
408,483,3,0.104041748710952,1
408,484,3,0.108887459285643,1
409,469,3,0.117724941770679,1
409,470,3,0.106674571965439,1
409,471,3,0.120046443990973,1
409,478,3,0.119799926400601,1
409,479,3,0.129496108619325,1
409,480,3,0.12947869945668,1
409,481,3,0.126588453839365,1
409,482,3,0.122280431504852,1
409,483,3,0.125983725895523,1
409,484,3,0.13381132064946,1
410,468,3,0.119047521146843,1
410,469,3,0.115245699071178,1
410,470,3,0.108413564565487,1
410,471,3,0.133293410083695,1
410,472,3,0.180898464761931,1
410,478,3,0.146014686792813,1
410,479,3,0.12965677066381,1
410,480,3,0.113367216757733,1
410,481,3,0.112605613983655,1
410,482,3,0.119415614326067,1
410,483,3,0.143777080385318,1
410,484,3,0.16372086321746,1
411,468,3,0.107109909237667,1
411,469,3,0.105147759546569,1
411,470,3,0.108398884601682,1
411,471,3,0.136357903625184,1
411,472,3,0.155546948760506,1
411,473,3,0.140279858541416,1
411,479,3,0.145101859952616,1
411,480,3,0.109915381370311,1
411,481,3,0.102890435579173,1
411,482,3,0.104544257938771,1
411,483,3,0.121524094762016,1
412,468,3,0.093880214044212,1
412,469,3,0.0947184928782097,1
412,470,3,0.109929700647044,1
412,471,3,0.147380019609835,1
412,472,3,0.149483811113856,1
412,473,3,0.115907006793613,1
412,474,3,0.119682378484045,1
412,475,3,0.13196602154658,1
412,476,3,0.122087572127796,1
412,477,3,0.115833835409737,1
412,478,3,0.1168945920408,1
412,479,3,0.101631156784033,1
412,480,3,0.0815115690618597,1
412,481,3,0.0743912155288961,1
412,482,3,0.073584454733484,1
412,483,3,0.0814722842283374,1
412,484,3,0.108725258309653,1
413,468,3,0.088407461018865,1
413,469,3,0.0886684842409567,1
413,470,3,0.103169667486917,1
413,471,3,0.137365458913222,1
413,472,3,0.142127466041553,1
413,473,3,0.115219970060088,1
413,474,3,0.114569290583355,1
413,475,3,0.103090316331218,1
413,476,3,0.0758450549417784,1
413,477,3,0.0639239384546665,1
413,478,3,0.0624602643076386,1
413,479,3,0.0607834902274002,1
413,480,3,0.0575972828336807,1
413,481,3,0.0549431790419844,1
413,482,3,0.054376010645174,1
413,483,3,0.0564499913627469,1
413,484,3,0.0680558553265882,1
413,485,3,0.116483649237498,1
414,468,3,0.0920796882297902,1
414,469,3,0.0918731888699857,1
414,470,3,0.0961677575767369,1
414,471,3,0.104035364549789,1
414,472,3,0.105189671384261,1
414,473,3,0.0926004722692238,1
414,474,3,0.0856554727674528,1
414,475,3,0.0705589694987623,1
414,476,3,0.0541232952486259,1
414,477,3,0.0474198448728189,1
414,484,3,0.0477958581389855,1
414,485,3,0.0618382955217863,1
414,486,3,0.0879265809924261,1
415,468,3,0.0974113585071749,1
415,469,3,0.105044326517406,1
415,470,3,0.10917757192004,1
415,471,3,0.0981511878050451,1
415,472,3,0.0864750199195447,1
415,473,3,0.0771278625568731,1
415,474,3,0.0683838040347706,1
415,475,3,0.0579528721944317,1
415,476,3,0.0493760853073977,1
415,486,3,0.0474435690649375,1
415,487,3,0.0569838923886756,1
415,488,3,0.0739020457112672,1
415,494,3,0.128652221101367,1
415,495,3,0.14752784119458,1
416,468,3,0.097018492137599,1
416,469,3,0.110026749515044,1
416,470,3,0.11812116854147,1
416,471,3,0.10455744706268,1
416,472,3,0.0874236930431832,1
416,473,3,0.0752440180289673,1
416,474,3,0.0645655947431639,1
416,475,3,0.0534844282734804,1
416,489,3,0.0664363403189282,1
416,490,3,0.0977032385082214,1
416,491,3,0.118689731594956,1
416,492,3,0.118584038260146,1
416,493,3,0.104976108569309,1
416,494,3,0.118432633850491,1
416,495,3,0.145986841750904,1
416,496,3,0.129581567409432,1
417,468,3,0.0961265310444805,1
417,469,3,0.106198969993144,1
417,470,3,0.112534234012233,1
417,471,3,0.105068889306965,1
417,472,3,0.0925138472575856,1
417,473,3,0.0807925453965557,1
417,474,3,0.0691634171166118,1
417,475,3,0.0547147859769483,1
417,489,3,0.0490005289115214,1
417,490,3,0.0626958410568458,1
417,491,3,0.0748891199851031,1
417,492,3,0.0831586766304787,1
417,493,3,0.0938463635625649,1
417,494,3,0.130415788513877,1
417,495,3,0.163998928903673,1
417,496,3,0.137096975480204,1
417,497,3,0.0995503530693604,1
418,469,3,0.0981237154731099,1
418,470,3,0.0993064264144512,1
418,471,3,0.0939087984946172,1
418,472,3,0.0858417315711029,1
418,473,3,0.0805386277097698,1
418,474,3,0.077456935406428,1
418,475,3,0.0637024465355959,1
418,490,3,0.0494554454802736,1
418,491,3,0.058222648089455,1
418,492,3,0.0716167684958407,1
418,493,3,0.0925134084216488,1
418,494,3,0.117829805525226,1
418,495,3,0.130111548969185,1
418,496,3,0.114852646346615,1
418,497,3,0.10676065594647,1
419,469,3,0.0951318883535972,1
419,470,3,0.0945329554487024,1
419,471,3,0.0862025148256814,1
419,472,3,0.0780718768058399,1
419,473,3,0.0806456255294886,1
419,474,3,0.0901863155517493,1
419,475,3,0.0821669615163246,1
419,476,3,0.056373152993645,1
419,490,3,0.0494996777381246,1
419,491,3,0.0583614404745141,1
419,492,3,0.071724451620995,1
419,493,3,0.0882591404836708,1
419,494,3,0.0957067333735764,1
419,495,3,0.0951817833984686,1
419,496,3,0.0977214291595203,1
419,497,3,0.110820693896521,1
420,470,3,0.0875614634815401,1
420,471,3,0.0773119031350343,1
420,472,3,0.0710623022953933,1
420,473,3,0.0737490302326941,1
420,474,3,0.0819057940194044,1
420,475,3,0.0790257618576596,1
420,476,3,0.0608433582697947,1
420,490,3,0.0543382166515467,1
420,491,3,0.0632849512504973,1
420,492,3,0.0737712605791923,1
420,493,3,0.0914431116175478,1
420,494,3,0.106579206303771,1
420,495,3,0.121769422085052,1
420,496,3,0.13150560449999,1
420,497,3,0.127567454734253,1
421,470,3,0.0737823276608318,1
421,471,3,0.0659311499838797,1
421,472,3,0.0654248294960076,1
421,473,3,0.0707879336516613,1
421,474,3,0.0757215436656425,1
421,475,3,0.0702648231806175,1
421,476,3,0.0616014683907316,1
421,477,3,0.0552570609543838,1
421,486,3,0.0480391986774038,1
421,487,3,0.0489887404557392,1
421,488,3,0.0490175954214479,1
421,489,3,0.0526531347457647,1
421,490,3,0.0630423050346914,1
421,491,3,0.0726573206394568,1
421,492,3,0.080330403063474,1
421,493,3,0.0976883060634671,1
421,494,3,0.13188176504671,1
421,495,3,0.174867849066215,1
421,496,3,0.18395057471397,1
422,471,3,0.0582350857819657,1
422,472,3,0.0607418969966213,1
422,473,3,0.0718405868465216,1
422,474,3,0.0817684323597283,1
422,475,3,0.0720952379303526,1
422,476,3,0.0645246567605646,1
422,477,3,0.0632916359842198,1
422,478,3,0.0542361842905103,1
422,485,3,0.0483468887950782,1
422,486,3,0.0529297757180462,1
422,487,3,0.0565451646579763,1
422,488,3,0.0576457832218762,1
422,489,3,0.0619381697718457,1
422,490,3,0.0714659952885612,1
422,491,3,0.0805183029932987,1
422,492,3,0.0871540614229884,1
422,493,3,0.0950683653488796,1
422,494,3,0.119264690832508,1
422,495,3,0.15164392991552,1
423,472,3,0.0567837651671318,1
423,473,3,0.0640580539307004,1
423,474,3,0.0732186579286136,1
423,475,3,0.0695908312961728,1
423,476,3,0.0667892064922903,1
423,477,3,0.0655041385715484,1
423,478,3,0.0566780177292604,1
423,484,3,0.0483028489036652,1
423,485,3,0.0526832400933208,1
423,486,3,0.0586997409016446,1
423,487,3,0.0642124099628887,1
423,488,3,0.0684809190287342,1
423,489,3,0.0742188191316887,1
423,490,3,0.0817244405599248,1
423,491,3,0.0871247315526357,1
423,492,3,0.0903911978311838,1
423,493,3,0.0898426829674139,1
423,494,3,0.0970813659055881,1
424,474,3,0.059965710441958,1
424,475,3,0.0629758784990493,1
424,476,3,0.0659396441644102,1
424,477,3,0.064199371125259,1
424,478,3,0.0585274166418514,1
424,479,3,0.0526878268305783,1
424,480,3,0.0498010257747943,1
424,481,3,0.05106033462719,1
424,482,3,0.0509724892909604,1
424,483,3,0.0513437505049619,1
424,484,3,0.0559863401554167,1
424,485,3,0.0617542734685131,1
424,486,3,0.0687441484534123,1
424,487,3,0.0784172527110202,1
424,488,3,0.0886618355759413,1
424,490,3,0.103417952443939,1
424,491,3,0.103059790182079,1
424,492,3,0.0987340460894596,1
424,493,3,0.0953167284547666,1
425,475,3,0.0614496251451405,1
425,476,3,0.0629594792602048,1
425,477,3,0.0610465753772498,1
425,478,3,0.0589728110719197,1
425,479,3,0.0576236069784388,1
425,480,3,0.0584069772172733,1
425,481,3,0.0636243938533537,1
425,482,3,0.0638342235571171,1
425,483,3,0.0652982824370212,1
425,484,3,0.0731299649777663,1
425,485,3,0.0799767734358108,1
425,491,3,0.123676663180987,1
426,478,3,0.0601527507342627,1
426,479,3,0.0604114174674881,1
426,480,3,0.0648074354245104,1
426,481,3,0.0734820676968274,1
426,482,3,0.0773000305189354,1
426,483,3,0.0901161138247603,1
426,484,3,0.108301354817587,1
427,482,3,0.0825166837007148,1
427,483,3,0.113514701701212,1
404,476,4,0.146949912300141,1
404,477,4,0.120949628463462,1
404,478,4,0.0999043794528021,1
404,479,4,0.0928985440649952,1
404,480,4,0.098830109079465,1
405,476,4,0.125744963077186,1
405,477,4,0.113525834908814,1
405,478,4,0.101473368213216,1
405,479,4,0.0937261104929736,1
405,480,4,0.093330683245191,1
405,481,4,0.100037340730208,1
405,482,4,0.115379838593016,1
405,483,4,0.132125349048902,1
406,477,4,0.131543993627285,1
406,478,4,0.11632939539998,1
406,479,4,0.110987872354096,1
406,480,4,0.105696448742424,1
406,481,4,0.0998915870846712,1
406,482,4,0.100917296955301,1
406,483,4,0.110114047809216,1
406,484,4,0.116698330182371,1
407,470,4,0.120846892762636,1
407,478,4,0.128312213422099,1
407,479,4,0.149519988027113,1
407,480,4,0.141791089278803,1
407,481,4,0.115686975657181,1
407,482,4,0.0961761555740484,1
407,483,4,0.0957253027463002,1
407,484,4,0.105893239608557,1
408,469,4,0.11944555135299,1
408,470,4,0.107321969189822,1
408,471,4,0.110837610120167,1
408,478,4,0.124027852159467,1
408,479,4,0.160524935307167,1
408,480,4,0.156338055737021,1
408,481,4,0.129336095811567,1
408,482,4,0.105886711172566,1
408,483,4,0.104187935180974,1
409,469,4,0.122211335884882,1
409,470,4,0.108431166094569,1
409,471,4,0.122733730993234,1
409,478,4,0.105506150243574,1
409,479,4,0.122497589167615,1
409,480,4,0.122204675196964,1
409,481,4,0.113857630945758,1
409,482,4,0.109132750539973,1
409,483,4,0.121809626670606,1
410,468,4,0.124509152987489,1
410,469,4,0.120253298026397,1
410,470,4,0.112371996967535,1
410,471,4,0.137067062499086,1
410,472,4,0.184009679302064,1
410,477,4,0.13679247143166,1
410,478,4,0.119445575398795,1
410,479,4,0.111634572250141,1
410,480,4,0.0989393191132215,1
410,481,4,0.0946557513621468,1
410,482,4,0.101461297219228,1
410,483,4,0.12748434041011,1
411,468,4,0.114842090238327,1
411,469,4,0.11048567572174,1
411,470,4,0.113173672075241,1
411,471,4,0.137130928156522,1
411,472,4,0.14918688149381,1
411,473,4,0.126053134110955,1
411,474,4,0.118169584769349,1
411,476,4,0.139365348494887,1
411,477,4,0.134725157413456,1
411,478,4,0.136203757993787,1
411,479,4,0.115221124258716,1
411,480,4,0.0874928608005676,1
411,481,4,0.0787448407321313,1
411,482,4,0.0815574364344342,1
411,483,4,0.0967976795125127,1
411,484,4,0.121405657150684,1
412,468,4,0.101278813606925,1
412,469,4,0.0986099096224001,1
412,470,4,0.109359718891077,1
412,471,4,0.136754166464682,1
412,472,4,0.133932751963484,1
412,473,4,0.104033969893114,1
412,474,4,0.102974559827116,1
412,475,4,0.109148296152748,1
412,476,4,0.0947681174077776,1
412,477,4,0.0849881295480235,1
412,478,4,0.0879429982656242,1
412,479,4,0.0781443869300856,1
412,480,4,0.064669809260982,1
412,481,4,0.0595152603814396,1
412,482,4,0.0607370758127674,1
412,483,4,0.0670876810552915,1
412,484,4,0.0888324886523038,1
413,468,4,0.0940781651204252,1
413,469,4,0.0930794887457939,1
413,470,4,0.102740389757487,1
413,471,4,0.12629491467779,1
413,472,4,0.127741594452306,1
413,473,4,0.105298406513374,1
413,474,4,0.0967688786498646,1
413,475,4,0.0825279912404019,1
413,476,4,0.0630049438655497,1
413,477,4,0.052704298206837,1
413,478,4,0.051547634883499,1
413,479,4,0.0498492346076071,1
413,480,4,0.0481728242201657,1
413,482,4,0.0480717687199476,1
413,483,4,0.05028029773804,1
413,484,4,0.0592405671193434,1
413,485,4,0.098418156352363,1
414,468,4,0.094343540633178,1
414,469,4,0.0961355782785204,1
414,470,4,0.0984869874684808,1
414,471,4,0.101357455411383,1
414,472,4,0.0988924237824936,1
414,473,4,0.086577334818787,1
414,474,4,0.076081785889614,1
414,475,4,0.0604595331228075,1
414,476,4,0.0486600433218837,1
414,485,4,0.0547893039258912,1
414,486,4,0.0753854494410986,1
414,487,4,0.0970766529278557,1
415,468,4,0.100392292877132,1
415,469,4,0.111542813459187,1
415,470,4,0.117598821524727,1
415,471,4,0.106740986478178,1
415,472,4,0.0895428077362856,1
415,473,4,0.074923914264587,1
415,474,4,0.0643982239191507,1
415,475,4,0.05307293842812,1
415,487,4,0.0509429730656208,1
415,488,4,0.0678844327844734,1
415,489,4,0.100879148286054,1
415,494,4,0.120466740612325,1
415,495,4,0.135188568162739,1
416,468,4,0.0976778581613,1
416,469,4,0.112781124312579,1
416,470,4,0.125719751050898,1
416,471,4,0.116937129069416,1
416,472,4,0.0931522814082454,1
416,473,4,0.0733405280785748,1
416,474,4,0.061061471753297,1
416,475,4,0.0494302424711623,1
416,489,4,0.056911574630868,1
416,490,4,0.0852869347408401,1
416,491,4,0.112401320826437,1
416,492,4,0.114929929563105,1
416,493,4,0.0978250184864147,1
416,494,4,0.107363784844295,1
416,495,4,0.129311448861691,1
416,496,4,0.114442785604527,1
417,468,4,0.0961306669228988,1
417,469,4,0.10523464906206,1
417,470,4,0.113666695233083,1
417,471,4,0.11058863985771,1
417,472,4,0.0947112671138802,1
417,473,4,0.0772406193468313,1
417,474,4,0.0640434761615663,1
417,475,4,0.0497228528635283,1
417,490,4,0.0537526652369993,1
417,491,4,0.0674024346281134,1
417,492,4,0.0781877775847701,1
417,493,4,0.0889132044074229,1
417,494,4,0.121419086732641,1
417,495,4,0.145674426632595,1
417,496,4,0.11901187324129,1
417,497,4,0.0946412276960733,1
418,469,4,0.101833886963942,1
418,470,4,0.0981163334110494,1
418,471,4,0.0904699959333735,1
418,472,4,0.081757659839197,1
418,473,4,0.0749126668394117,1
418,474,4,0.0725739718687168,1
418,475,4,0.0593491639850785,1
418,491,4,0.053914241022066,1
418,492,4,0.0676108997324568,1
418,493,4,0.086999513024362,1
418,494,4,0.109598096976538,1
418,495,4,0.115922299925439,1
418,496,4,0.101143363588727,1
418,497,4,0.0992107601802243,1
419,469,4,0.103339551097527,1
419,470,4,0.0948531133161435,1
419,471,4,0.0806857700005309,1
419,472,4,0.0731450416973491,1
419,473,4,0.0782404318857374,1
419,474,4,0.0947681113963264,1
419,475,4,0.0873798214724035,1
419,476,4,0.057658605647263,1
419,491,4,0.0539745659347508,1
419,492,4,0.0662418939187583,1
419,493,4,0.0808395549448562,1
419,494,4,0.0885806088474711,1
419,495,4,0.0870061135977679,1
419,496,4,0.0897024778913253,1
419,497,4,0.100181735787775,1
420,470,4,0.0855324424074121,1
420,471,4,0.0713922227595658,1
420,472,4,0.0670207555692007,1
420,473,4,0.076093249727032,1
420,474,4,0.0969930757219705,1
420,475,4,0.0978716613361927,1
420,476,4,0.069280399956756,1
420,477,4,0.0479209203695282,1
420,490,4,0.0489822510941803,1
420,491,4,0.0568590706161805,1
420,492,4,0.0665389076991204,1
420,493,4,0.0835519397558331,1
420,494,4,0.0997068431667209,1
420,495,4,0.111512708111631,1
420,496,4,0.11931655763337,1
420,497,4,0.111291787280423,1
421,471,4,0.0617942676532757,1
421,472,4,0.0620697724612824,1
421,473,4,0.0707905426214775,1
421,474,4,0.0848375006155726,1
421,475,4,0.0870167598778242,1
421,476,4,0.0722871715439253,1
421,477,4,0.057898204057316,1
421,489,4,0.0483647367936593,1
421,490,4,0.0561861187127915,1
421,491,4,0.0638886812934411,1
421,492,4,0.0718836288370372,1
421,493,4,0.088565111326305,1
421,494,4,0.117295748201566,1
421,495,4,0.151695291754482,1
421,496,4,0.159931292479319,1
422,472,4,0.0554687782538206,1
422,473,4,0.0637181965377119,1
422,474,4,0.0746807330296252,1
422,475,4,0.0733764104307238,1
422,476,4,0.0682500913259665,1
422,477,4,0.0665140924286109,1
422,478,4,0.0558014699969914,1
422,487,4,0.0513153944897019,1
422,488,4,0.052915131822949,1
422,489,4,0.056842671377336,1
422,490,4,0.0644004661904443,1
422,491,4,0.0728062723770259,1
422,492,4,0.0800405308871248,1
422,493,4,0.085787568395887,1
422,494,4,0.100933083026124,1
422,495,4,0.123932714932945,1
423,473,4,0.0562190434309555,1
423,474,4,0.0635869906040537,1
423,475,4,0.0654262421870371,1
423,476,4,0.0657898989152841,1
423,477,4,0.0679168645636398,1
423,478,4,0.0599151721718094,1
423,479,4,0.0487101006759372,1
423,485,4,0.0478421162558874,1
423,486,4,0.0532495308182576,1
423,487,4,0.0594923567524082,1
423,488,4,0.0641759264656207,1
423,489,4,0.0697397529764859,1
423,490,4,0.0758715954987792,1
423,491,4,0.0818303743527831,1
423,492,4,0.0858862223213551,1
423,493,4,0.0844349558095819,1
423,494,4,0.0889543467793626,1
424,474,4,0.0544907512140246,1
424,475,4,0.0590833015447794,1
424,476,4,0.0624842379749816,1
424,477,4,0.0644118158102898,1
424,478,4,0.061335016828216,1
424,479,4,0.0549671527093274,1
424,480,4,0.0494892027844272,1
424,481,4,0.0489555572451741,1
424,482,4,0.0480109989598747,1
424,483,4,0.0480591987755107,1
424,484,4,0.0524322079031058,1
424,485,4,0.0581482022779264,1
424,486,4,0.0644657926305187,1
424,487,4,0.0749725829734157,1
424,491,4,0.10254444049452,1
424,492,4,0.0994821411327151,1
424,493,4,0.0942003598887506,1
425,476,4,0.0608405028304798,1
425,477,4,0.0606733484187094,1
425,478,4,0.0603147473209126,1
425,479,4,0.0583204423774029,1
425,480,4,0.0566428387169005,1
425,481,4,0.0604087002915506,1
425,482,4,0.0590558472471978,1
425,483,4,0.0601061259188383,1
425,484,4,0.0696294067784547,1
425,485,4,0.0787535212676487,1
426,478,4,0.0587959842351857,1
426,481,4,0.0673739163036712,1
426,482,4,0.0702844686031042,1
426,483,4,0.0832687342788529,1
426,484,4,0.104259363244006,1
427,482,4,0.0759899429383435,1
427,483,4,0.106618917950328,1
403,478,5,0.10773653088674,1
403,479,5,0.0973372072567546,1
404,477,5,0.11852193996936,1
404,478,5,0.0989267010771751,1
404,479,5,0.0908596762338191,1
404,480,5,0.0974844457307347,1
404,481,5,0.114887392534489,1
404,482,5,0.129430788190701,1
405,476,5,0.13059407613325,1
405,477,5,0.117381423403916,1
405,478,5,0.0996317481184639,1
405,479,5,0.0901934932244693,1
405,480,5,0.0924429842709658,1
405,481,5,0.103118546106003,1
405,482,5,0.124213882527972,1
405,483,5,0.145948079913635,1
405,484,5,0.149760181570834,1
406,476,5,0.151287102195824,1
406,477,5,0.121877219427779,1
406,478,5,0.104594513670713,1
406,479,5,0.104200980030055,1
406,480,5,0.103468111992662,1
406,481,5,0.0982762380126854,1
406,482,5,0.10007197871196,1
406,483,5,0.113799945060145,1
406,484,5,0.124251369937589,1
406,485,5,0.121830462360429,1
407,470,5,0.140408695963306,1
407,477,5,0.114366764792787,1
407,478,5,0.112177382246732,1
407,479,5,0.141421144572612,1
407,480,5,0.138300696443452,1
407,481,5,0.1102802644346,1
407,482,5,0.091401362089038,1
407,483,5,0.0977842608473511,1
407,484,5,0.11495866429979,1
408,469,5,0.120359352048279,1
408,470,5,0.110323847455723,1
408,471,5,0.113182244404637,1
408,478,5,0.110282392488321,1
408,479,5,0.150532977667026,1
408,480,5,0.146193828038255,1
408,481,5,0.115221689335128,1
408,482,5,0.096652202393731,1
408,483,5,0.109778272191585,1
409,468,5,0.129602511305376,1
409,469,5,0.126364166595491,1
409,470,5,0.111790797843649,1
409,471,5,0.121638324357515,1
409,472,5,0.164333586391383,1
409,477,5,0.104881572487906,1
409,478,5,0.0903608580370313,1
409,479,5,0.109477062418292,1
409,480,5,0.109377452672085,1
409,481,5,0.0975949602493992,1
409,482,5,0.0961459961234315,1
409,483,5,0.121513454493411,1
410,468,5,0.13345022479942,1
410,469,5,0.126930565526549,1
410,470,5,0.120082681018742,1
410,471,5,0.137391139832703,1
410,472,5,0.167363069241145,1
410,473,5,0.160964853305202,1
410,476,5,0.123083260811186,1
410,477,5,0.100546540703199,1
410,478,5,0.0905852474755752,1
410,479,5,0.0910061332191446,1
410,480,5,0.0828258225781258,1
410,481,5,0.0765422329934603,1
410,482,5,0.0824773988671925,1
410,483,5,0.107459727605276,1
411,468,5,0.129500965871886,1
411,469,5,0.118564128333807,1
411,470,5,0.117693249400009,1
411,471,5,0.131446560026408,1
411,472,5,0.130898315677942,1
411,473,5,0.105762875278066,1
411,474,5,0.0960635971619795,1
411,475,5,0.103127839809542,1
411,476,5,0.0965158686922083,1
411,477,5,0.0897963046214883,1
411,478,5,0.091970201669279,1
411,479,5,0.0845929127010325,1
411,480,5,0.067644467675898,1
411,481,5,0.0603234939823931,1
411,482,5,0.0629114958568117,1
411,483,5,0.0751175791761022,1
411,484,5,0.102995732158205,1
412,467,5,0.110952296585957,1
412,468,5,0.118191670841018,1
412,469,5,0.107066578697495,1
412,470,5,0.107769930509548,1
412,471,5,0.119358806112328,1
412,472,5,0.111534950481032,1
412,473,5,0.0888958012562298,1
412,474,5,0.0818499596607579,1
412,475,5,0.0826917311478967,1
412,476,5,0.0697296116583295,1
412,477,5,0.0618968470563703,1
412,478,5,0.0632491470472137,1
412,479,5,0.0590057658473395,1
412,480,5,0.0516045092232012,1
412,481,5,0.0485775962688221,1
412,482,5,0.0498423364673673,1
412,483,5,0.0548612609966274,1
412,484,5,0.0713358233245076,1
413,467,5,0.103125940190966,1
413,468,5,0.101288275631097,1
413,469,5,0.0989101034604414,1
413,470,5,0.101694998395664,1
413,471,5,0.109598541823926,1
413,472,5,0.107143657524644,1
413,473,5,0.0903383090836202,1
413,474,5,0.0752960050588526,1
413,475,5,0.0628738341151105,1
413,476,5,0.051315400501153,1
413,484,5,0.0514172044270443,1
413,485,5,0.0773508813845459,1
414,465,5,0.1330523388681,1
414,467,5,0.106594198863037,1
414,468,5,0.0975402620550276,1
414,469,5,0.102037879548601,1
414,470,5,0.101007973685041,1
414,471,5,0.0970569173336011,1
414,472,5,0.0901009649677632,1
414,473,5,0.0785259698057792,1
414,474,5,0.0653121388320125,1
414,475,5,0.0518215045767823,1
414,485,5,0.0474068992126826,1
414,486,5,0.0615745370894035,1
414,487,5,0.0804479690143836,1
414,494,5,0.125999584103761,1
414,495,5,0.130798994481392,1
415,467,5,0.110433207775759,1
415,468,5,0.103869652886305,1
415,469,5,0.11447590870058,1
415,470,5,0.117017790721474,1
415,471,5,0.107566587161618,1
415,472,5,0.0889725073734056,1
415,473,5,0.072828087933392,1
415,474,5,0.0612784009809149,1
415,475,5,0.0489388574337702,1
415,488,5,0.0588763753719405,1
415,489,5,0.0905682050114535,1
415,493,5,0.112646239370792,1
415,494,5,0.112146206860864,1
415,495,5,0.121009574654721,1
415,496,5,0.11424057240942,1
416,468,5,0.0991233837371874,1
416,469,5,0.108898291920687,1
416,470,5,0.118001853258264,1
416,471,5,0.113955112638244,1
416,472,5,0.0908594778559298,1
416,473,5,0.0700039682791591,1
416,474,5,0.0580432844203191,1
416,489,5,0.0483540153704631,1
416,490,5,0.0695727368280929,1
416,491,5,0.0932413170118105,1
416,492,5,0.0998086891727705,1
416,493,5,0.0897592620592596,1
416,494,5,0.0983165628272634,1
416,495,5,0.111136271038156,1
416,496,5,0.100722303513073,1
417,468,5,0.095178176527755,1
417,469,5,0.0991906158072888,1
417,470,5,0.10498844406715,1
417,471,5,0.104648496502393,1
417,472,5,0.09019218272811,1
417,473,5,0.072358984339833,1
417,474,5,0.0589989428502396,1
417,491,5,0.056705820691011,1
417,492,5,0.0689866503943897,1
417,493,5,0.081614298751234,1
417,494,5,0.10726464399128,1
417,495,5,0.11780713033134,1
417,496,5,0.0991431373657956,1
417,497,5,0.0883216715989421,1
418,468,5,0.100836659349047,1
418,469,5,0.102942687112911,1
418,470,5,0.0940647114926635,1
418,471,5,0.0846193510633632,1
418,472,5,0.0772971991254252,1
418,473,5,0.0711157080277593,1
418,474,5,0.067480120611833,1
418,475,5,0.0540949692906218,1
418,491,5,0.048381556834087,1
418,492,5,0.0603032894949458,1
418,493,5,0.076506248446641,1
418,494,5,0.0961461464097113,1
418,495,5,0.0988640016412704,1
418,496,5,0.0895417256750715,1
418,497,5,0.0900965585740415,1
419,468,5,0.105504286693706,1
419,469,5,0.111240978494971,1
419,470,5,0.0939548041305691,1
419,471,5,0.0758564947333917,1
419,472,5,0.0696229925600356,1
419,473,5,0.0768487087979945,1
419,474,5,0.0956431983459564,1
419,475,5,0.0872106231672288,1
419,476,5,0.0569233931439063,1
419,492,5,0.0567254059989858,1
419,493,5,0.0690988601422896,1
419,494,5,0.0805188981269665,1
419,495,5,0.0830147143973967,1
419,496,5,0.0875722840936809,1
419,497,5,0.0916512460920758,1
420,469,5,0.096319089848977,1
420,470,5,0.0832468165278166,1
420,471,5,0.0676511283638157,1
420,472,5,0.0628729744775905,1
420,473,5,0.075878923457779,1
420,474,5,0.107942795799948,1
420,475,5,0.113855538960744,1
420,476,5,0.077631604132185,1
420,477,5,0.0482523707480284,1
420,491,5,0.0476246009117784,1
420,492,5,0.0561634194731006,1
420,493,5,0.0710660053493259,1
420,494,5,0.0875407119520346,1
420,495,5,0.0975751104375721,1
420,496,5,0.104692332004466,1
420,497,5,0.0964296344248975,1
421,471,5,0.0600359181803982,1
421,472,5,0.056481587550198,1
421,473,5,0.0640594425759251,1
421,474,5,0.085530374468203,1
421,475,5,0.101258326581271,1
421,476,5,0.0852918641308153,1
421,477,5,0.0613414971725981,1
421,490,5,0.0475823584442711,1
421,491,5,0.052992859886827,1
421,492,5,0.0610573478977811,1
421,493,5,0.075164438438123,1
421,494,5,0.0948933720047584,1
421,495,5,0.114834034893733,1
421,496,5,0.122638124873519,1
422,472,5,0.0491395737775305,1
422,473,5,0.050915386516113,1
422,474,5,0.0581674569560858,1
422,475,5,0.070132974021682,1
422,476,5,0.0753363959993937,1
422,477,5,0.0718000456197008,1
422,478,5,0.0574091184000037,1
422,488,5,0.0475212851059131,1
422,489,5,0.0502500240698506,1
422,490,5,0.0555717243554378,1
422,491,5,0.0620651075751595,1
422,492,5,0.069270493085196,1
422,493,5,0.0743349002541545,1
422,494,5,0.0832409733972606,1
422,495,5,0.0966207925612668,1
423,474,5,0.0496842954156,1
423,475,5,0.057262180498583,1
423,476,5,0.0657943834578714,1
423,477,5,0.0719387478329921,1
423,478,5,0.0650537726713466,1
423,479,5,0.0508357167535009,1
423,486,5,0.0485348758909452,1
423,487,5,0.0545110879533981,1
423,488,5,0.0596881437061934,1
423,490,5,0.0684324126290875,1
423,491,5,0.073885941033531,1
423,492,5,0.0789136963845882,1
423,493,5,0.0790591494575651,1
423,494,5,0.0846245690029955,1
424,474,5,0.0487201908967585,1
424,475,5,0.0538841597203146,1
424,476,5,0.0592823707509139,1
424,477,5,0.065431700584717,1
424,478,5,0.0669241575600395,1
424,479,5,0.0585800949886234,1
424,480,5,0.0491802923421614,1
424,484,5,0.0494084900350338,1
424,485,5,0.0553869563916827,1
424,486,5,0.061445735736221,1
424,492,5,0.105119794275636,1
424,493,5,0.0991449528240547,1
425,476,5,0.0590491685249265,1
425,477,5,0.059338319327133,1
425,478,5,0.0616198934886269,1
425,479,5,0.0589982455219017,1
425,480,5,0.0545298857612671,1
425,481,5,0.0560317987493104,1
425,482,5,0.0543828877453345,1
425,483,5,0.0561687636532079,1
425,484,5,0.0687709414913631,1
425,485,5,0.0805881861133746,1
426,477,5,0.0574799693637211,1
426,478,5,0.0558450590295652,1
426,480,5,0.0543229475655258,1
426,481,5,0.0590996166233073,1
426,482,5,0.0628243117802129,1
426,483,5,0.0767128079209574,1
426,484,5,0.100414637441203,1
427,482,5,0.0694626912026211,1
427,483,5,0.0974809831348496,1
427,484,5,0.125110971388955,1
428,484,5,0.124867964486078,1
403,478,6,0.10787153605755,1
403,479,6,0.0944026211754667,1
403,480,6,0.091551011154945,1
404,477,6,0.115735055243794,1
404,478,6,0.0960154634723065,1
404,479,6,0.0870313015782512,1
404,480,6,0.0918799818098296,1
404,481,6,0.113595026712004,1
404,482,6,0.130745071764223,1
405,476,6,0.136933355801733,1
405,477,6,0.116717350413934,1
405,478,6,0.0939988981250428,1
405,479,6,0.0855061423084588,1
405,480,6,0.087164876023678,1
405,481,6,0.099564978930104,1
405,482,6,0.120060510786756,1
405,483,6,0.141769676489666,1
405,484,6,0.149596682121386,1
406,476,6,0.143388067355954,1
406,477,6,0.110220234083024,1
406,478,6,0.0937487075379943,1
406,479,6,0.097074915618462,1
406,480,6,0.0973738049715952,1
406,481,6,0.092576540682039,1
406,482,6,0.0939649093800184,1
406,483,6,0.108707680826375,1
406,484,6,0.122848128909367,1
406,485,6,0.119860245301834,1
407,477,6,0.100854958206468,1
407,478,6,0.0983857245731966,1
407,479,6,0.124439949161398,1
407,480,6,0.12385272656342,1
407,481,6,0.100666451120073,1
407,482,6,0.0878278248722879,1
407,483,6,0.0981872745465346,1
407,484,6,0.119472939524609,1
408,469,6,0.12413456744098,1
408,470,6,0.113676866608495,1
408,471,6,0.113690464511085,1
408,472,6,0.130818038758759,1
408,477,6,0.0947981205606635,1
408,478,6,0.0929295811874857,1
408,479,6,0.124261072419808,1
408,480,6,0.123184493649214,1
408,481,6,0.0997175916414474,1
408,482,6,0.0909007825370517,1
408,483,6,0.113561326516636,1
409,468,6,0.137387797465841,1
409,469,6,0.128554727385979,1
409,470,6,0.114399503155964,1
409,471,6,0.121313104848173,1
409,472,6,0.152442923915996,1
409,473,6,0.175755115215954,1
409,476,6,0.121946663711918,1
409,477,6,0.0859423933212681,1
409,478,6,0.0754875238822933,1
409,479,6,0.0896671365697832,1
409,480,6,0.0918107178692262,1
409,481,6,0.0834961955689545,1
409,482,6,0.0862183910682724,1
409,483,6,0.119850711140248,1
410,468,6,0.135421692239861,1
410,469,6,0.127528837171813,1
410,470,6,0.124261757725244,1
410,471,6,0.13749145893015,1
410,472,6,0.151736842905103,1
410,473,6,0.138291294533792,1
410,474,6,0.11433322089515,1
410,475,6,0.104983526700077,1
410,476,6,0.0933608547187103,1
410,477,6,0.0775095476272369,1
410,478,6,0.068562644707653,1
410,479,6,0.0699813652226872,1
410,480,6,0.0669872717860762,1
410,481,6,0.0631729398804866,1
410,482,6,0.068721912095463,1
410,483,6,0.0924023047807677,1
411,467,6,0.121713972459282,1
411,468,6,0.134814247120082,1
411,469,6,0.121726921125144,1
411,470,6,0.11884189344746,1
411,471,6,0.125246746025517,1
411,472,6,0.116930624679229,1
411,473,6,0.0950801297588571,1
411,474,6,0.0856392899408512,1
411,475,6,0.0852600755769262,1
411,476,6,0.0752301375881712,1
411,477,6,0.0666182348090148,1
411,478,6,0.0637418936783002,1
411,479,6,0.0606328132033398,1
411,480,6,0.0527070394285793,1
411,481,6,0.0489028879155788,1
411,482,6,0.0516956788919385,1
411,483,6,0.0621653845924486,1
411,484,6,0.090878341789762,1
412,467,6,0.112574739170347,1
412,468,6,0.123883962063799,1
412,469,6,0.113139478940877,1
412,470,6,0.109444985314746,1
412,471,6,0.110989327125284,1
412,472,6,0.099747582771431,1
412,473,6,0.0823411072458281,1
412,474,6,0.0722091970105486,1
412,475,6,0.0667279678390247,1
412,476,6,0.0560276869166969,1
412,477,6,0.0495203090386064,1
412,478,6,0.0480219458124904,1
412,484,6,0.0590265835028082,1
412,485,6,0.10052111827612,1
413,465,6,0.110850859358589,1
413,467,6,0.102434190479708,1
413,468,6,0.101600462314261,1
413,469,6,0.103759811650173,1
413,470,6,0.108331568371264,1
413,471,6,0.110230838282922,1
413,472,6,0.102281595802718,1
413,473,6,0.0838239699450525,1
413,474,6,0.0650756423307733,1
413,475,6,0.0525567531488462,1
413,485,6,0.0607219930817334,1
413,486,6,0.0975789938350404,1
414,464,6,0.122091828235238,1
414,465,6,0.145495056952008,1
414,466,6,0.132045060106817,1
414,467,6,0.102688234406969,1
414,468,6,0.0933496433622422,1
414,469,6,0.101442493399908,1
414,470,6,0.105350934573866,1
414,471,6,0.102334893328963,1
414,472,6,0.0906701111320149,1
414,473,6,0.074292050630077,1
414,474,6,0.0585335242762597,1
414,486,6,0.0501388182342992,1
414,487,6,0.0658287449128696,1
414,488,6,0.101687628356506,1
414,494,6,0.121821036404964,1
414,495,6,0.124528581997733,1
415,465,6,0.139586353486411,1
415,467,6,0.10023922930695,1
415,468,6,0.0956487529268554,1
415,469,6,0.103540549979494,1
415,470,6,0.105744552374841,1
415,471,6,0.100569059599355,1
415,472,6,0.084298808463046,1
415,473,6,0.0677663197915056,1
415,474,6,0.0560728870181894,1
415,488,6,0.0491641275499133,1
415,489,6,0.074946078485122,1
415,493,6,0.105861246665328,1
415,494,6,0.104306012105235,1
415,495,6,0.108931559291568,1
415,496,6,0.103740659166684,1
416,467,6,0.091836206422269,1
416,468,6,0.0900275531258392,1
416,469,6,0.0925088637645496,1
416,470,6,0.0949439042634558,1
416,471,6,0.0925026058438616,1
416,472,6,0.0763507983303363,1
416,473,6,0.0601195975809536,1
416,474,6,0.0513374324697619,1
416,490,6,0.0544680459628825,1
416,491,6,0.0731720571589939,1
416,492,6,0.0830865392162068,1
416,493,6,0.082289282525125,1
416,494,6,0.0890825650217797,1
416,495,6,0.0955167414587378,1
416,496,6,0.090628265420286,1
416,497,6,0.0853215486767882,1
417,467,6,0.0905420491873287,1
417,468,6,0.0878674102783696,1
417,469,6,0.0872944107739056,1
417,470,6,0.0876832735169894,1
417,471,6,0.0853669110874629,1
417,472,6,0.0748027113857078,1
417,473,6,0.0608327781157015,1
417,474,6,0.0505416666185751,1
417,492,6,0.0587364768798625,1
417,493,6,0.0719924421150151,1
417,494,6,0.0894775834908814,1
417,495,6,0.0940911739007989,1
417,496,6,0.0869983167455754,1
417,497,6,0.084035074076468,1
417,498,6,0.0844787251856913,1
418,468,6,0.0981259637558547,1
418,469,6,0.100411150799513,1
418,470,6,0.0874804471538616,1
418,471,6,0.074992054063818,1
418,472,6,0.0684910783812441,1
418,473,6,0.0642986382187483,1
418,474,6,0.0605050878999202,1
418,475,6,0.049259565348995,1
418,492,6,0.051013691777412,1
418,493,6,0.064222106433657,1
418,494,6,0.0805325922127757,1
418,495,6,0.0857769521730867,1
418,496,6,0.0865295137245759,1
418,497,6,0.0873213601095873,1
418,498,6,0.0869672375429266,1
419,467,6,0.0897689705529304,1
419,468,6,0.104392372613021,1
419,469,6,0.112644423912533,1
419,470,6,0.0911856952661698,1
419,471,6,0.071593474122482,1
419,472,6,0.0663918315343224,1
419,473,6,0.0760513799694984,1
419,474,6,0.0938100303515766,1
419,475,6,0.0872892890174923,1
419,476,6,0.058967010021522,1
419,492,6,0.0476106994309031,1
419,493,6,0.0584517204484754,1
419,494,6,0.0719824510831385,1
419,495,6,0.0814608564596265,1
419,496,6,0.0925229666290398,1
419,497,6,0.0929571136339328,1
419,498,6,0.0879473024646757,1
420,468,6,0.0896884832329565,1
420,469,6,0.0949727051261039,1
420,470,6,0.081679739408881,1
420,471,6,0.0671647117908315,1
420,472,6,0.0614630787729022,1
420,473,6,0.0763617091142449,1
420,474,6,0.11499434827405,1
420,475,6,0.128916628770478,1
420,476,6,0.0909113506682425,1
420,477,6,0.0510331568563631,1
420,492,6,0.0478085362895438,1
420,493,6,0.0598468039374332,1
420,494,6,0.0746193681358846,1
420,495,6,0.0854992351510423,1
420,496,6,0.0952460458116825,1
420,497,6,0.0913224617921781,1
420,498,6,0.089274071822318,1
421,469,6,0.0767652518211331,1
421,470,6,0.0704961738796386,1
421,471,6,0.0611133986686704,1
421,472,6,0.0552918552338676,1
421,473,6,0.0619314549808672,1
421,474,6,0.0898436207537994,1
421,475,6,0.119691515889853,1
421,476,6,0.105803729100348,1
421,477,6,0.0665420877567996,1
421,492,6,0.0515169524366287,1
421,493,6,0.061726741022066,1
421,494,6,0.0736817380480808,1
421,495,6,0.084573369473216,1
421,496,6,0.0918783046149478,1
421,497,6,0.0876974184616379,1
422,471,6,0.0565907074121866,1
422,472,6,0.050438786642921,1
422,473,6,0.0505832658608052,1
422,474,6,0.0582229787192704,1
422,475,6,0.0824573927576344,1
422,476,6,0.0966859506807079,1
422,477,6,0.0797465047980037,1
422,478,6,0.0572813750622305,1
422,491,6,0.0520212831341571,1
422,492,6,0.0577856095765399,1
422,493,6,0.0618047516241498,1
422,494,6,0.0673523472168039,1
422,495,6,0.0764037592153142,1
422,496,6,0.0846907610920412,1
423,472,6,0.0487024811615547,1
423,473,6,0.0493028538090094,1
423,474,6,0.0504440827314187,1
423,475,6,0.0619183800745305,1
423,476,6,0.0783459148197565,1
423,477,6,0.082746609685804,1
423,478,6,0.0768223906646876,1
423,479,6,0.0575009132596647,1
423,487,6,0.0474172749774354,1
423,488,6,0.0521606105383721,1
423,490,6,0.0594863212554142,1
423,491,6,0.0628394426028564,1
423,492,6,0.0666120610486433,1
423,493,6,0.0670564094862046,1
423,494,6,0.0717715573525146,1
423,495,6,0.0819885476564766,1
424,474,6,0.0506279489774954,1
424,475,6,0.0550291728512476,1
424,476,6,0.0628526557725705,1
424,477,6,0.0746092268177282,1
424,478,6,0.0852707759600432,1
424,479,6,0.0703334078272365,1
424,480,6,0.0495165518816131,1
424,486,6,0.0503696068626342,1
424,487,6,0.0614516269583865,1
424,492,6,0.103525328985082,1
424,493,6,0.0951342929340729,1
424,494,6,0.0933721021438855,1
425,476,6,0.0597793374207354,1
425,477,6,0.0622634554071513,1
425,478,6,0.0706414105403727,1
425,479,6,0.0639328834940363,1
425,480,6,0.0525272729922138,1
425,481,6,0.0497246562988851,1
425,484,6,0.0548517388579435,1
425,485,6,0.0639570976194269,1
425,486,6,0.0676767131000775,1
426,478,6,0.0555269811242356,1
426,480,6,0.0496488308593086,1
426,481,6,0.0508664412805295,1
426,482,6,0.0521926876419183,1
426,483,6,0.0602453391054807,1
426,484,6,0.0763543691323427,1
426,485,6,0.0883714464147898,1
427,483,6,0.0758399211624627,1
427,484,6,0.0887325242304765,1
427,485,6,0.0924612711054838,1
428,484,6,0.0901226602951055,1
428,485,6,0.0817908009696038,1
402,478,7,0.123837962439299,1
402,479,7,0.111363263435064,1
403,478,7,0.113292566556864,1
403,479,7,0.104560849544053,1
403,480,7,0.0976980265800402,1
403,481,7,0.106077935434898,1
404,477,7,0.115515985939552,1
404,478,7,0.0968759786642536,1
404,479,7,0.0912139671211131,1
404,480,7,0.0976095620643381,1
404,481,7,0.120013453146846,1
404,482,7,0.134816687769265,1
404,483,7,0.122265378831074,1
405,476,7,0.143459507441888,1
405,477,7,0.113937619315283,1
405,478,7,0.0907818219294662,1
405,479,7,0.0858005411075536,1
405,480,7,0.0900557949235267,1
405,481,7,0.101418724121905,1
405,482,7,0.116257666764389,1
405,483,7,0.128952529156981,1
405,484,7,0.135159136097716,1
406,474,7,0.145341632694754,1
406,475,7,0.152603429662751,1
406,476,7,0.135798333702677,1
406,477,7,0.102580821797118,1
406,478,7,0.0887670960862663,1
406,479,7,0.0923483580177947,1
406,480,7,0.0929936211770056,1
406,481,7,0.0890434364859884,1
406,482,7,0.091044630552561,1
406,483,7,0.104009226760018,1
406,484,7,0.117092813632317,1
406,485,7,0.113687723289343,1
406,486,7,0.104644288486561,1
407,469,7,0.145652941706044,1
407,473,7,0.139475406143261,1
407,476,7,0.131159537277923,1
407,477,7,0.0918340783685479,1
407,478,7,0.0896591353282502,1
407,479,7,0.106087854329361,1
407,480,7,0.105526505017301,1
407,481,7,0.0920906531167595,1
407,482,7,0.0892954966343568,1
407,483,7,0.106382583758271,1
407,484,7,0.130959692594585,1
408,469,7,0.129044504360178,1
408,470,7,0.122180352865452,1
408,471,7,0.119166980704877,1
408,472,7,0.128299445099773,1
408,473,7,0.155747562909596,1
408,476,7,0.11401994012787,1
408,477,7,0.081469951785276,1
408,478,7,0.0800379579860157,1
408,479,7,0.0970500101761846,1
408,480,7,0.0974671688200166,1
408,481,7,0.0862932997615426,1
408,482,7,0.0883198861979389,1
408,483,7,0.122474252714098,1
409,468,7,0.141832544246204,1
409,469,7,0.132924944194496,1
409,470,7,0.125649032339107,1
409,471,7,0.130144792294262,1
409,472,7,0.145277093754785,1
409,473,7,0.152406927346274,1
409,474,7,0.144473254524651,1
409,475,7,0.117563738695586,1
409,476,7,0.091710470909193,1
409,477,7,0.0715560167701213,1
409,478,7,0.0649264441237055,1
409,479,7,0.0727323315273972,1
409,480,7,0.0749110076788835,1
409,481,7,0.0710845025846355,1
409,482,7,0.0771221576896945,1
410,468,7,0.137127429491929,1
410,469,7,0.130428965614884,1
410,470,7,0.132819190745174,1
410,471,7,0.141324684826828,1
410,472,7,0.140570247702568,1
410,473,7,0.123001877784985,1
410,474,7,0.103151717293666,1
410,475,7,0.0887046731771164,1
410,476,7,0.075522919306896,1
410,477,7,0.0635437502356489,1
410,478,7,0.0570493330463226,1
410,479,7,0.0576041719567437,1
410,480,7,0.0564393691284954,1
410,481,7,0.0546542386405695,1
410,482,7,0.0594188847959723,1
410,483,7,0.0830098932135429,1
411,467,7,0.125194891247558,1
411,468,7,0.137912741429498,1
411,469,7,0.126131920190243,1
411,470,7,0.119601476373939,1
411,471,7,0.116495347521512,1
411,472,7,0.106589053060819,1
411,473,7,0.0952900255885836,1
411,474,7,0.0848175486090752,1
411,475,7,0.0750210292585505,1
411,476,7,0.0634336444956652,1
411,477,7,0.0556540151107684,1
411,478,7,0.0519401165201989,1
411,479,7,0.0496680374458585,1
411,483,7,0.0560453846289982,1
411,484,7,0.0837432902586405,1
412,465,7,0.0885873597071567,1
412,467,7,0.112188359156604,1
412,468,7,0.126071529151595,1
412,469,7,0.120057012122163,1
412,470,7,0.110488825722163,1
412,471,7,0.103977786870298,1
412,472,7,0.0954592479395631,1
412,473,7,0.0866760067786085,1
412,474,7,0.071719720608909,1
412,475,7,0.0592768642616245,1
412,476,7,0.0499340411552605,1
412,484,7,0.0530660432936058,1
412,485,7,0.0837402424528875,1
413,464,7,0.0986901504728752,1
413,465,7,0.122564111886476,1
413,466,7,0.115315299653048,1
413,467,7,0.103342809304072,1
413,468,7,0.104371164213225,1
413,469,7,0.111100286491336,1
413,470,7,0.117258765753849,1
413,471,7,0.121995524787185,1
413,472,7,0.109712663213304,1
413,473,7,0.0866078128763168,1
413,474,7,0.0624832280511818,1
413,475,7,0.0488656289411074,1
413,485,7,0.0522333971893724,1
413,486,7,0.0776603869604795,1
413,495,7,0.141643544220812,1
414,464,7,0.121209611704497,1
414,465,7,0.154041092260483,1
414,466,7,0.133682627502399,1
414,467,7,0.102445215481189,1
414,468,7,0.0936251481702489,1
414,469,7,0.104790282590145,1
414,470,7,0.120281732190523,1
414,471,7,0.128501730432294,1
414,472,7,0.107887033578716,1
414,473,7,0.0790237720673159,1
414,474,7,0.0570885156851746,1
414,487,7,0.0569367986800585,1
414,488,7,0.0839255213899937,1
414,494,7,0.123494720599291,1
414,495,7,0.123186753954862,1
414,496,7,0.116537018901157,1
415,464,7,0.115972736000917,1
415,465,7,0.123887472751294,1
415,466,7,0.109720129435682,1
415,467,7,0.0945574581237501,1
415,468,7,0.0901788914095304,1
415,469,7,0.0959761125128212,1
415,470,7,0.102419101737223,1
415,471,7,0.102999783876307,1
415,472,7,0.0861326317056055,1
415,473,7,0.066864067093951,1
415,474,7,0.0532780491426997,1
415,489,7,0.0626571934371496,1
415,493,7,0.100685735855488,1
415,494,7,0.0998375441384792,1
415,495,7,0.0998334262944145,1
415,496,7,0.0962102224679383,1
415,497,7,0.0996302753129225,1
416,465,7,0.0941650907046229,1
416,467,7,0.0873070408328543,1
416,468,7,0.0847665715029898,1
416,469,7,0.0827328554854829,1
416,470,7,0.0802597324432923,1
416,471,7,0.0753976346526593,1
416,472,7,0.0648167651967562,1
416,473,7,0.0533213556370676,1
416,491,7,0.0587447245908943,1
416,492,7,0.0707441462411983,1
416,493,7,0.0770413998544171,1
416,494,7,0.0822406919651617,1
416,495,7,0.0842214951893001,1
416,496,7,0.0842098930885047,1
416,497,7,0.0886229715440023,1
417,467,7,0.0879100134329484,1
417,468,7,0.0825116220588133,1
417,469,7,0.0790131438216132,1
417,470,7,0.0752496808159877,1
417,471,7,0.0689630133683132,1
417,472,7,0.0607366610226354,1
417,473,7,0.050695884387386,1
417,492,7,0.0530706180079609,1
417,493,7,0.064530511914023,1
417,494,7,0.0766667722277495,1
417,495,7,0.0824610837886647,1
417,496,7,0.0835405240100246,1
417,497,7,0.0856378351696633,1
417,498,7,0.0898201400254539,1
418,468,7,0.0903826074674343,1
418,469,7,0.0920220865044941,1
418,470,7,0.0807286857505715,1
418,471,7,0.0671460762921446,1
418,472,7,0.0604525297821719,1
418,473,7,0.0574738497064103,1
418,474,7,0.0541669203499069,1
418,493,7,0.0566212395727772,1
418,494,7,0.0715459956809887,1
418,495,7,0.0845227350198484,1
418,496,7,0.0931691014486732,1
418,497,7,0.0901432074352706,1
418,498,7,0.0885790879503202,1
419,467,7,0.0861757758907913,1
419,468,7,0.0926116114882776,1
419,469,7,0.100346389435851,1
419,470,7,0.0834545482351149,1
419,471,7,0.0669631057522951,1
419,472,7,0.0638959551493802,1
419,473,7,0.0746142463794713,1
419,474,7,0.0874767260655754,1
419,475,7,0.0848268723698699,1
419,476,7,0.060973361913215,1
419,493,7,0.052446629374509,1
419,494,7,0.0666056408187731,1
419,495,7,0.082989225844354,1
419,496,7,0.0998080880276515,1
419,497,7,0.0960578081344841,1
419,498,7,0.0880075372055928,1
419,499,7,0.0991729241064387,1
420,468,7,0.0867328029694453,1
420,469,7,0.0902674040168421,1
420,470,7,0.081138047542211,1
420,471,7,0.0682023964722304,1
420,472,7,0.0616227008363323,1
420,473,7,0.0747356656705933,1
420,474,7,0.108788438661653,1
420,475,7,0.128480293597352,1
420,476,7,0.0973968107952967,1
420,477,7,0.0532147545731273,1
420,493,7,0.0523595595154828,1
420,494,7,0.0644286538850711,1
420,495,7,0.0755981285727257,1
420,496,7,0.0886383368132422,1
420,497,7,0.0892666657144528,1
420,498,7,0.0887041682152165,1
421,470,7,0.0730149959737705,1
421,471,7,0.0638132616268199,1
421,472,7,0.0567795210825921,1
421,473,7,0.0610361094407292,1
421,474,7,0.0866546360696305,1
421,475,7,0.12274624683461,1
421,476,7,0.1167065658705,1
421,477,7,0.0695723160265096,1
421,493,7,0.052963331638585,1
421,494,7,0.0606231227440226,1
421,495,7,0.0677405727460617,1
421,496,7,0.0764506365116886,1
421,497,7,0.080962459064422,1
421,498,7,0.0900849083816365,1
422,471,7,0.0607658105494524,1
422,472,7,0.0548725745477657,1
422,473,7,0.0545908538992292,1
422,474,7,0.0628812041542686,1
422,475,7,0.0952424148951641,1
422,476,7,0.117670574206123,1
422,477,7,0.0847126427743703,1
422,478,7,0.0555313514492503,1
422,492,7,0.0509878665831027,1
422,493,7,0.0543782469050164,1
422,494,7,0.058704802543546,1
422,495,7,0.0664055436544853,1
422,496,7,0.0767515216666167,1
422,497,7,0.0822843711695033,1
423,472,7,0.0540659880844381,1
423,473,7,0.0555533533606032,1
423,474,7,0.0573771254567741,1
423,475,7,0.0738720906499908,1
423,476,7,0.0962175864956452,1
423,477,7,0.0884104006184966,1
423,478,7,0.0800624606610634,1
423,479,7,0.0587408532163284,1
423,490,7,0.049005818988568,1
423,491,7,0.0533989153803123,1
423,492,7,0.0603099381599612,1
423,493,7,0.0628695479504126,1
423,494,7,0.0658352973946659,1
423,495,7,0.0745379670753299,1
423,496,7,0.0859559010520905,1
424,474,7,0.0565566044495896,1
424,475,7,0.0603479425543801,1
424,476,7,0.0690537682469185,1
424,477,7,0.0781797522974324,1
424,478,7,0.0926172562409444,1
424,479,7,0.0727941112112699,1
424,487,7,0.0489169096254779,1
424,492,7,0.104654411770364,1
424,493,7,0.100674867151738,1
424,494,7,0.09146667650621,1
424,495,7,0.092605497842418,1
425,475,7,0.0642228458421533,1
425,476,7,0.0602874493210619,1
425,477,7,0.0612292212987351,1
425,478,7,0.0704481243502824,1
425,479,7,0.0610662448455413,1
425,480,7,0.0481154539357404,1
425,485,7,0.0512921902881111,1
425,486,7,0.0525612256685311,1
426,477,7,0.0550834021524265,1
426,478,7,0.0530138338400265,1
426,479,7,0.0495368495465538,1
426,481,7,0.0475955325395525,1
426,482,7,0.0485471182112922,1
426,483,7,0.0529419909868629,1
426,484,7,0.0624134831944832,1
426,485,7,0.0688135566688443,1
426,486,7,0.0666258994092811,1
427,482,7,0.0592760467042628,1
427,483,7,0.066640026319576,1
427,484,7,0.0676848345706343,1
427,485,7,0.0691420043274754,1
428,484,7,0.0684478320013881,1
428,485,7,0.0621296104464209,1
428,486,7,0.0644937458785491,1
402,478,8,0.118051976738281,1
402,479,8,0.117731866962449,1
402,480,8,0.0967029811219272,1
403,478,8,0.110267303745836,1
403,479,8,0.111905604538463,1
403,480,8,0.106611427682146,1
403,481,8,0.106612197147898,1
403,482,8,0.105686217252499,1
404,477,8,0.112940271471365,1
404,478,8,0.0961738411653405,1
404,479,8,0.0961243188304428,1
404,480,8,0.105859022428388,1
404,481,8,0.121074474281761,1
404,482,8,0.128076817016427,1
404,483,8,0.110339777801375,1
405,475,8,0.133765501368495,1
405,476,8,0.135953513303678,1
405,477,8,0.107622361405752,1
405,478,8,0.0902841819771115,1
405,479,8,0.089744161293872,1
405,480,8,0.0967642257866441,1
405,481,8,0.104014480768358,1
405,482,8,0.109458907835701,1
405,483,8,0.112327969099025,1
405,484,8,0.114193406563389,1
405,485,8,0.100972361848195,1
406,474,8,0.122728368778773,1
406,475,8,0.128295116854916,1
406,476,8,0.120606687196013,1
406,477,8,0.0962925553034273,1
406,478,8,0.0869519083423938,1
406,479,8,0.0896036736795775,1
406,480,8,0.0910690310329385,1
406,481,8,0.0891340350668627,1
406,482,8,0.0906994410023676,1
406,483,8,0.0993862644976966,1
406,484,8,0.107334557168612,1
406,485,8,0.103049751058593,1
406,486,8,0.0969429822992098,1
407,473,8,0.126002950516427,1
407,474,8,0.143326798645432,1
407,475,8,0.134430331801327,1
407,476,8,0.105305824644141,1
407,477,8,0.0851811692686151,1
407,478,8,0.0822201207791918,1
407,479,8,0.0882029093692458,1
407,480,8,0.0880438583936787,1
407,481,8,0.0845609498150589,1
407,482,8,0.0886581625792646,1
407,483,8,0.107458525315039,1
408,469,8,0.139939670518612,1
408,470,8,0.134960493704616,1
408,471,8,0.126956030033787,1
408,472,8,0.125264131142357,1
408,473,8,0.135467535566631,1
408,474,8,0.142867163087497,1
408,475,8,0.116959010751745,1
408,476,8,0.0868290402915352,1
408,477,8,0.072465068418971,1
408,478,8,0.0698685543296684,1
408,479,8,0.0751667949269892,1
408,480,8,0.0756098388796425,1
408,481,8,0.0736615996865966,1
408,482,8,0.0818106988730405,1
409,468,8,0.142395648902011,1
409,469,8,0.138168492608897,1
409,470,8,0.137696497507316,1
409,471,8,0.139155164115503,1
409,472,8,0.135962073610172,1
409,473,8,0.128857259678533,1
409,474,8,0.115178491046881,1
409,475,8,0.091753206315698,1
409,476,8,0.0734009131057715,1
409,477,8,0.0624680070567704,1
409,478,8,0.057850226665374,1
409,479,8,0.0600263719959095,1
409,480,8,0.0603591418879458,1
409,481,8,0.0590658262561721,1
409,482,8,0.0658864909129942,1
410,467,8,0.131328435010538,1
410,468,8,0.136310112588229,1
410,469,8,0.131760441938807,1
410,470,8,0.135091459180227,1
410,471,8,0.138391589585435,1
410,472,8,0.125774335027697,1
410,473,8,0.10761592915298,1
410,474,8,0.091203549276202,1
410,475,8,0.0754940523182849,1
410,476,8,0.0628943572094709,1
410,477,8,0.0540976443864011,1
410,478,8,0.0491767455859597,1
410,479,8,0.0482346910700806,1
410,482,8,0.0498964966368576,1
410,483,8,0.0716709977970195,1
411,467,8,0.120963009953809,1
411,468,8,0.130744855351981,1
411,469,8,0.125620682335298,1
411,470,8,0.115954449166399,1
411,471,8,0.106718840291997,1
411,472,8,0.0976706865000312,1
411,473,8,0.0942112165695986,1
411,474,8,0.0809358103012997,1
411,475,8,0.0643145565414977,1
411,476,8,0.0530991603782078,1
411,483,8,0.0493535694169681,1
411,484,8,0.0721983523526031,1
412,465,8,0.0873342186036813,1
412,466,8,0.0936015472128796,1
412,467,8,0.103341727242858,1
412,468,8,0.115385910158718,1
412,469,8,0.119952833673052,1
412,470,8,0.108899734668972,1
412,471,8,0.0990253129224848,1
412,472,8,0.0940848979457573,1
412,473,8,0.0888392755806966,1
412,474,8,0.0684689923095745,1
412,475,8,0.051683024787185,1
412,485,8,0.0676033613726653,1
413,464,8,0.093931684089295,1
413,465,8,0.1188734295204,1
413,466,8,0.10892696654286,1
413,467,8,0.0966949858918454,1
413,468,8,0.0976792347836224,1
413,469,8,0.109670294505322,1
413,470,8,0.1181117185402,1
413,471,8,0.129003506263067,1
413,472,8,0.113845343539527,1
413,473,8,0.0858253924467703,1
413,474,8,0.0580539126660219,1
413,486,8,0.0592561548122773,1
413,487,8,0.0883170247471728,1
413,495,8,0.153079512551141,1
414,463,8,0.118725271294388,1
414,464,8,0.110266185615915,1
414,465,8,0.140502149983495,1
414,466,8,0.119777996626662,1
414,467,8,0.0941958813576146,1
414,468,8,0.0864222093208464,1
414,469,8,0.101507633484995,1
414,470,8,0.128901972852479,1
414,471,8,0.151726887941933,1
414,472,8,0.121204237467134,1
414,473,8,0.0793908974028992,1
414,474,8,0.0521332343896559,1
414,487,8,0.0475337378270518,1
414,488,8,0.0662795496490082,1
414,494,8,0.133109615975032,1
414,495,8,0.127964883795282,1
414,496,8,0.118655165750618,1
415,464,8,0.106425192924301,1
415,465,8,0.109935964579183,1
415,466,8,0.0974268199596338,1
415,467,8,0.0863883227704922,1
415,468,8,0.0809614250948174,1
415,469,8,0.0891049095858504,1
415,470,8,0.102089662189145,1
415,471,8,0.109273755139069,1
415,472,8,0.0885025621766801,1
415,473,8,0.0643342380326915,1
415,489,8,0.051462855387376,1
415,490,8,0.0750685497802021,1
415,492,8,0.102166933382733,1
415,493,8,0.0983853157945157,1
415,494,8,0.0972258331005699,1
415,495,8,0.0935508346106465,1
415,496,8,0.0929902487528884,1
415,497,8,0.101044751743417,1
416,465,8,0.0898412822992868,1
416,466,8,0.0835760216292976,1
416,467,8,0.081103439617714,1
416,468,8,0.0775328299776932,1
416,469,8,0.0780600402584482,1
416,470,8,0.0773674549554749,1
416,471,8,0.0726954392514483,1
416,472,8,0.0625122753833286,1
416,473,8,0.0504832293015636,1
416,492,8,0.0604217872207897,1
416,493,8,0.0704369971541309,1
416,494,8,0.0745681926519099,1
416,495,8,0.0737934728913368,1
416,496,8,0.0790911544236971,1
416,497,8,0.0925877580499583,1
416,498,8,0.101633056402609,1
417,467,8,0.0819747213187412,1
417,468,8,0.0752276728931835,1
417,469,8,0.0723023564696296,1
417,470,8,0.0698494138690816,1
417,471,8,0.0639731542055535,1
417,472,8,0.056144952295047,1
417,493,8,0.0554487661328113,1
417,494,8,0.0656021071915808,1
417,495,8,0.0731228053393998,1
417,496,8,0.079284777255054,1
417,497,8,0.0842496408037685,1
417,498,8,0.0928004492044878,1
418,467,8,0.0832406608017987,1
418,468,8,0.0784624227552568,1
418,469,8,0.0780179721230253,1
418,470,8,0.0714644082654472,1
418,471,8,0.0617028394921372,1
418,472,8,0.0565734545472733,1
418,473,8,0.052633236842328,1
418,493,8,0.0481270590422614,1
418,494,8,0.062589510508209,1
418,495,8,0.0803737155692931,1
418,496,8,0.0923628937067704,1
418,497,8,0.0850859058016179,1
418,498,8,0.0869857347782361,1
418,499,8,0.103283259868591,1
419,468,8,0.0780627394000322,1
419,469,8,0.0801586017999343,1
419,470,8,0.0703361069688205,1
419,471,8,0.059395157598128,1
419,472,8,0.0613048754119527,1
419,473,8,0.0703478052528349,1
419,474,8,0.0741187525151912,1
419,475,8,0.0736988286038121,1
419,476,8,0.056022198461761,1
419,494,8,0.0590458682382235,1
419,495,8,0.0774149033397122,1
419,496,8,0.0948341652219947,1
419,497,8,0.0889855161537793,1
419,498,8,0.0867087090730785,1
420,469,8,0.0808608294706153,1
420,470,8,0.0754308960120898,1
420,471,8,0.0636394465271317,1
420,472,8,0.0599865882119386,1
420,473,8,0.0698255123391528,1
420,474,8,0.0886915622020725,1
420,475,8,0.10673088724018,1
420,476,8,0.0859800430400668,1
420,477,8,0.0478454285654927,1
420,494,8,0.0540892944806991,1
420,495,8,0.0641319166314636,1
420,496,8,0.0767580020109987,1
420,497,8,0.0808992005635567,1
420,498,8,0.0859517110706116,1
421,470,8,0.0727418717004347,1
421,471,8,0.0622018019637535,1
421,472,8,0.055174289282958,1
421,473,8,0.056638474403337,1
421,474,8,0.0719431361923603,1
421,475,8,0.104295359813728,1
421,476,8,0.104790030109195,1
421,477,8,0.0622644052164392,1
421,494,8,0.0499488353366374,1
421,495,8,0.0556085444939724,1
421,496,8,0.0637366637157655,1
421,497,8,0.0723371327147598,1
421,498,8,0.0842369566417591,1
421,499,8,0.0987062371162578,1
422,471,8,0.0619948818023658,1
422,472,8,0.0544193291624442,1
422,473,8,0.0525197286209712,1
422,474,8,0.0598403776961118,1
422,475,8,0.0965839183196715,1
422,476,8,0.121216068003075,1
422,477,8,0.0794576365340031,1
422,478,8,0.0472596637444281,1
422,494,8,0.0506352408677881,1
422,495,8,0.0573110175280451,1
422,496,8,0.0669445724482784,1
422,497,8,0.0736393933859032,1
422,498,8,0.0821752452960635,1
423,472,8,0.0550067922184698,1
423,473,8,0.0548993796086189,1
423,474,8,0.0566501486415467,1
423,475,8,0.0799636083577062,1
423,476,8,0.10554994967694,1
423,477,8,0.0845469671795925,1
423,478,8,0.0703961012516899,1
423,479,8,0.0513758576657641,1
423,492,8,0.0498028081700719,1
423,493,8,0.0539824229014553,1
423,494,8,0.0562550400006771,1
423,495,8,0.0629600323137143,1
423,496,8,0.0734367894464694,1
423,497,8,0.0770855719977562,1
423,498,8,0.0800294097024245,1
424,473,8,0.0563896363928061,1
424,474,8,0.0550606007180654,1
424,475,8,0.0603386909309997,1
424,476,8,0.0704420888532883,1
424,477,8,0.0746080064931367,1
424,478,8,0.0857688727826883,1
424,479,8,0.0643540277300068,1
424,490,8,0.0549332661589732,1
424,491,8,0.064506189582511,1
424,492,8,0.0858511455036653,1
424,493,8,0.0866014828182145,1
424,494,8,0.0768186815993038,1
424,495,8,0.0772562611428259,1
424,496,8,0.0813957404203438,1
425,475,8,0.0604253099311867,1
425,476,8,0.0567524094377283,1
425,477,8,0.0570484373400954,1
425,478,8,0.0639308636464366,1
425,479,8,0.0530045100792319,1
425,487,8,0.0479480861174528,1
425,493,8,0.134099894352352,1
425,494,8,0.109972959049802,1
426,476,8,0.0619059784507269,1
426,478,8,0.0488993020849444,1
426,484,8,0.0490742293031026,1
426,485,8,0.0506280812294216,1
426,486,8,0.0516748071334092,1
426,487,8,0.0595113349038129,1
427,481,8,0.0492590874386255,1
427,482,8,0.0571200277123091,1
427,483,8,0.0563493536583864,1
427,484,8,0.0528474008023989,1
427,485,8,0.0519305703357102,1
427,486,8,0.0544915387141304,1
428,486,8,0.0525966872190969,1
428,487,8,0.0688381675500133,1
401,477,9,0.094807564550482,1
401,478,9,0.0945344583114997,1
402,478,9,0.104638998409514,1
402,479,9,0.112103417351299,1
402,480,9,0.0933241848664554,1
402,481,9,0.0788397134548012,1
403,478,9,0.104211488046734,1
403,479,9,0.115071463169907,1
403,480,9,0.108324931729151,1
403,481,9,0.098361829054719,1
403,482,9,0.0928298692466084,1
404,477,9,0.106990076969659,1
404,478,9,0.100761023270183,1
404,479,9,0.112710525829811,1
404,480,9,0.120559677647712,1
404,481,9,0.119292054958322,1
404,482,9,0.111222968187208,1
404,483,9,0.0961045171102252,1
404,484,9,0.0815574544687878,1
405,474,9,0.12530660805646,1
405,475,9,0.122706823737711,1
405,476,9,0.120754556872368,1
405,477,9,0.102521969689975,1
405,478,9,0.0957108632405435,1
405,479,9,0.104560116147008,1
405,480,9,0.114483435037469,1
405,481,9,0.115732891121366,1
405,482,9,0.106188834686439,1
405,483,9,0.0997103658771179,1
405,484,9,0.0929333503673814,1
405,485,9,0.0839763121410923,1
406,474,9,0.106557096186297,1
406,475,9,0.108958803188358,1
406,476,9,0.10535499831487,1
406,477,9,0.0921398027416834,1
406,478,9,0.0856656681886699,1
406,479,9,0.0892464492041031,1
406,480,9,0.0953156704393573,1
406,481,9,0.0996418714022667,1
406,482,9,0.098024081681098,1
406,483,9,0.0997198399241922,1
406,484,9,0.100779117738263,1
406,485,9,0.0941721241025144,1
406,486,9,0.088491128396518,1
407,473,9,0.115629734618957,1
407,474,9,0.110605712379088,1
407,475,9,0.0993547885392693,1
407,476,9,0.087155221633068,1
407,477,9,0.0793911318494956,1
407,478,9,0.0744682703102409,1
407,479,9,0.0742281669382881,1
407,480,9,0.0765805680176946,1
407,481,9,0.0822835476006904,1
407,482,9,0.0906229633203371,1
407,483,9,0.110644486239259,1
407,484,9,0.142635638056391,1
408,470,9,0.13813595863506,1
408,471,9,0.12824716952023,1
408,472,9,0.120682179000048,1
408,473,9,0.117707388333206,1
408,474,9,0.106335081270973,1
408,475,9,0.0858462040907877,1
408,476,9,0.0718447648050982,1
408,477,9,0.0668634479144785,1
408,478,9,0.0629524518737645,1
408,479,9,0.0619707638601942,1
408,480,9,0.0624710789083282,1
408,481,9,0.0650020441338624,1
408,482,9,0.0751058027432224,1
408,483,9,0.113729767378961,1
409,469,9,0.136285165065793,1
409,470,9,0.136920695685529,1
409,471,9,0.132537073340859,1
409,472,9,0.121072526571576,1
409,473,9,0.109672121986484,1
409,474,9,0.0949602433877884,1
409,475,9,0.0769598064274244,1
409,476,9,0.0644965772720592,1
409,477,9,0.0584554054680545,1
409,478,9,0.0541803920120221,1
409,479,9,0.0528297151129999,1
409,480,9,0.0519135819746492,1
409,481,9,0.0513866903008072,1
409,482,9,0.0572912458650834,1
409,483,9,0.0914871815662168,1
410,468,9,0.131931275358706,1
410,469,9,0.126905401591871,1
410,470,9,0.125308700041474,1
410,471,9,0.120000672801617,1
410,472,9,0.106582753059973,1
410,473,9,0.0958534909314614,1
410,474,9,0.0837584751843448,1
410,475,9,0.0682893761594887,1
410,476,9,0.0564749989996945,1
410,477,9,0.0503255008452581,1
410,483,9,0.0616506901530698,1
411,467,9,0.109661469694976,1
411,468,9,0.118609791317041,1
411,469,9,0.1193814091688,1
411,470,9,0.107665655877218,1
411,471,9,0.0946993103374646,1
411,472,9,0.0904840687406077,1
411,473,9,0.0924949111863392,1
411,474,9,0.0772401083734802,1
411,475,9,0.0581695008494902,1
411,476,9,0.0477928103332325,1
411,484,9,0.0625445568762153,1
411,494,9,0.107681393856432,1
412,465,9,0.0799608911817686,1
412,467,9,0.0878524958679689,1
412,468,9,0.100819226140598,1
412,469,9,0.113809395061415,1
412,470,9,0.104656996694375,1
412,471,9,0.0960611444898942,1
412,472,9,0.0968010699709834,1
412,473,9,0.090899586258265,1
412,474,9,0.0653993950460256,1
412,475,9,0.0476032542486051,1
412,485,9,0.0585664189371677,1
412,494,9,0.154747377660716,1
412,495,9,0.143413892550263,1
413,464,9,0.0815011452054974,1
413,465,9,0.0968678451707945,1
413,466,9,0.0903478191994017,1
413,467,9,0.0820286199901047,1
413,468,9,0.0878186153290659,1
413,469,9,0.102408701926665,1
413,470,9,0.112142119074056,1
413,471,9,0.12880599402279,1
413,472,9,0.116983886136766,1
413,473,9,0.0853019152772039,1
413,474,9,0.0548588323703469,1
413,486,9,0.050023614783707,1
413,487,9,0.0702105998908897,1
413,494,9,0.180586638765838,1
413,495,9,0.169427654060509,1
413,496,9,0.150077273598168,1
414,464,9,0.0925339796076186,1
414,465,9,0.107329423389297,1
414,466,9,0.0941624817348067,1
414,467,9,0.0792738664711454,1
414,468,9,0.0778289540632793,1
414,469,9,0.0928049277356239,1
414,470,9,0.122760542065538,1
414,471,9,0.154273506986364,1
414,472,9,0.124094218580597,1
414,473,9,0.0774245697532246,1
414,474,9,0.0487194875569693,1
414,488,9,0.0557419746645706,1
414,489,9,0.0830768487568896,1
414,493,9,0.136218245591154,1
414,494,9,0.145365257697928,1
414,495,9,0.139184247516357,1
414,496,9,0.131309066114806,1
414,497,9,0.127288739811312,1
415,465,9,0.092002525242324,1
415,466,9,0.0827177487086441,1
415,467,9,0.0764431462435067,1
415,468,9,0.0754449808422264,1
415,469,9,0.0847269440167497,1
415,470,9,0.0963485098910975,1
415,471,9,0.10661478207191,1
415,472,9,0.0876263390627753,1
415,473,9,0.0624006367232917,1
415,490,9,0.05967968559437,1
415,491,9,0.0752802249994806,1
415,492,9,0.0894500330100808,1
415,493,9,0.0965238879680949,1
415,494,9,0.0960044745395325,1
415,495,9,0.0912228821032269,1
415,496,9,0.0948806217167858,1
415,497,9,0.110705658766562,1
415,498,9,0.125871576262135,1
416,466,9,0.0793956344264364,1
416,467,9,0.0765173636198901,1
416,468,9,0.0761489818910083,1
416,469,9,0.0798389789516491,1
416,470,9,0.0769084626228164,1
416,471,9,0.0715469995933374,1
416,472,9,0.0624436005649418,1
416,473,9,0.0504057537186356,1
416,492,9,0.0544243186669314,1
416,493,9,0.06563500786394,1
416,494,9,0.0697017606049694,1
416,495,9,0.0693689726785795,1
416,496,9,0.0780643745147557,1
416,497,9,0.10196013946182,1
416,498,9,0.119841693963464,1
416,499,9,0.116600487802814,1
417,467,9,0.0779477223044268,1
417,468,9,0.07247780067259,1
417,469,9,0.0715580546520745,1
417,470,9,0.0691803573860633,1
417,471,9,0.0639145666022624,1
417,472,9,0.0553674552440245,1
417,493,9,0.050302032139815,1
417,494,9,0.0601692641906798,1
417,495,9,0.068996917953021,1
417,496,9,0.0754244216791589,1
417,497,9,0.0829554655344748,1
417,498,9,0.0959327819726486,1
417,499,9,0.103792994860738,1
418,467,9,0.0782929419118762,1
418,468,9,0.0698169159639521,1
418,469,9,0.0671288594959384,1
418,470,9,0.0651855016012582,1
418,471,9,0.0604202603121876,1
418,472,9,0.0551331228652135,1
418,473,9,0.0495126925299495,1
418,494,9,0.0574265576199039,1
418,495,9,0.0753453049700562,1
418,496,9,0.0842817118958636,1
418,497,9,0.0776184570884339,1
418,498,9,0.0850231101824942,1
419,468,9,0.0734760682685405,1
419,469,9,0.0709700806226979,1
419,470,9,0.0658466109458042,1
419,471,9,0.0583354710053763,1
419,472,9,0.0594935650540973,1
419,473,9,0.0642356261873818,1
419,474,9,0.0620590119636535,1
419,475,9,0.0619142742533681,1
419,476,9,0.0493605126430918,1
419,494,9,0.0532940756715705,1
419,495,9,0.0690577598505082,1
419,496,9,0.0816167514233193,1
419,497,9,0.0796553952437783,1
419,498,9,0.0865700850086526,1
420,469,9,0.0819871469883495,1
420,470,9,0.0755355373429424,1
420,471,9,0.0630130052215946,1
420,472,9,0.0603951264347651,1
420,473,9,0.0658720874759446,1
420,474,9,0.0713347232289399,1
420,475,9,0.0825446068914892,1
420,476,9,0.0697041471510915,1
420,494,9,0.0474782611497511,1
420,495,9,0.055705028285561,1
420,496,9,0.0660817127903675,1
420,497,9,0.0741382957430077,1
420,498,9,0.0853328261592194,1
421,470,9,0.0747306340859478,1
421,471,9,0.0622805219170778,1
421,472,9,0.0550445741891947,1
421,473,9,0.0546277521866293,1
421,474,9,0.0627213716900469,1
421,475,9,0.0852057681268818,1
421,476,9,0.0853981465878426,1
421,477,9,0.0526312771092403,1
421,495,9,0.0494010719042661,1
421,496,9,0.0573350873786072,1
421,497,9,0.0671971255356443,1
421,498,9,0.0797082599455372,1
421,499,9,0.0926747197028631,1
422,471,9,0.0620939024263564,1
422,472,9,0.0534071089882833,1
422,473,9,0.0506265182521124,1
422,474,9,0.0606534925954311,1
422,475,9,0.0952062740506139,1
422,476,9,0.110694753994104,1
422,477,9,0.0684229626278179,1
422,495,9,0.052018103076478,1
422,496,9,0.0605574897199376,1
422,497,9,0.0671247236175201,1
422,498,9,0.0745949556326047,1
422,499,9,0.0831002513363696,1
423,472,9,0.0545453832824332,1
423,473,9,0.0522685581673788,1
423,474,9,0.0571221918347372,1
423,475,9,0.0833133452581288,1
423,476,9,0.102985272233136,1
423,477,9,0.0742933130348268,1
423,478,9,0.0574884394984468,1
423,493,9,0.0483186920832747,1
423,494,9,0.0512847962031482,1
423,495,9,0.0567105096229387,1
423,496,9,0.0651404938662038,1
423,497,9,0.0691898194102353,1
423,498,9,0.0728156622637836,1
423,499,9,0.0795505855922924,1
424,473,9,0.0545169010266982,1
424,474,9,0.0534146593709771,1
424,475,9,0.0600514758160761,1
424,476,9,0.0696937593634364,1
424,477,9,0.0680568832847416,1
424,478,9,0.0714624184751036,1
424,479,9,0.0537669304106716,1
424,491,9,0.0519071376989742,1
424,492,9,0.0671546005299311,1
424,493,9,0.0720290638756605,1
424,494,9,0.0657172565391123,1
424,495,9,0.0670771850615149,1
424,496,9,0.071548893200462,1
424,497,9,0.0735145656019569,1
424,498,9,0.0777768227585655,1
425,474,9,0.0579293012943183,1
425,475,9,0.0570131501216141,1
425,476,9,0.0547616151817132,1
425,477,9,0.0544277211483045,1
425,478,9,0.0567993408371633,1
425,479,9,0.0473960275032067,1
425,490,9,0.0606171533729916,1
425,491,9,0.0793485106605633,1
425,492,9,0.110699611246665,1
425,493,9,0.103029372239061,1
425,494,9,0.0871689157188772,1
425,495,9,0.0939822764625043,1
425,496,9,0.0919810523386757,1
426,476,9,0.0579172543461349,1
426,477,9,0.050208584131077,1
426,487,9,0.0503419692157913,1
426,488,9,0.0586220609293761,1
426,490,9,0.0792707825966853,1
426,493,9,0.108059033220145,1
426,494,9,0.103963419501956,1
427,481,9,0.0485212118623918,1
427,482,9,0.0537314508257522,1
427,483,9,0.0494548112721731,1
427,486,9,0.0476924311212732,1
427,487,9,0.0567561185031121,1
427,488,9,0.0706614827758939,1
427,489,9,0.0850208318424934,1
427,490,9,0.0990304467018005,1
428,482,9,0.062722579991736,1
428,483,9,0.0545827264172213,1
428,486,9,0.0481447507431116,1
428,487,9,0.0609498932077719,1
428,488,9,0.0853922673885794,1
428,489,9,0.109038106252448,1
401,477,10,0.0924670420986255,1
401,478,10,0.0871777886208327,1
401,479,10,0.0832793264558484,1
402,477,10,0.0979812019997645,1
402,478,10,0.0946618109049456,1
402,479,10,0.099513983789665,1
402,480,10,0.0853331026859741,1
402,481,10,0.0728570330708686,1
403,477,10,0.10780168299473,1
403,478,10,0.101675485225103,1
403,479,10,0.113020692665375,1
403,480,10,0.105047680907169,1
403,481,10,0.0893248084703559,1
403,482,10,0.0802607483785433,1
403,483,10,0.0729795524575582,1
404,475,10,0.137302663294098,1
404,476,10,0.123306526108358,1
404,477,10,0.106473140258987,1
404,478,10,0.107967550955946,1
404,479,10,0.128320942049226,1
404,480,10,0.133426299223686,1
404,481,10,0.118568336349639,1
404,482,10,0.097667758923302,1
404,483,10,0.0844128817608146,1
404,484,10,0.0730015603803623,1
405,474,10,0.118920354908384,1
405,475,10,0.112278314512201,1
405,476,10,0.109464510508209,1
405,477,10,0.10250627980237,1
405,478,10,0.101173276569845,1
405,479,10,0.116041663300254,1
405,480,10,0.131524781029284,1
405,481,10,0.133522494465618,1
405,482,10,0.111968688707244,1
405,483,10,0.0939248250234879,1
405,484,10,0.0807129056911995,1
405,485,10,0.0729105650437095,1
406,473,10,0.11070408376635,1
406,474,10,0.0997271799060944,1
406,475,10,0.0977302058782567,1
406,476,10,0.0957663609579233,1
406,477,10,0.0921619669622185,1
406,478,10,0.0853696402863028,1
406,479,10,0.0874176335003844,1
406,480,10,0.0987043615434867,1
406,481,10,0.113945542407951,1
406,482,10,0.111688879700185,1
406,483,10,0.103955772936043,1
406,484,10,0.0991653556893913,1
406,485,10,0.0898708105475287,1
406,486,10,0.0833149923957547,1
407,473,10,0.111900699194292,1
407,474,10,0.0969819966174286,1
407,475,10,0.0856768434764309,1
407,476,10,0.0797330631931444,1
407,477,10,0.0779605627641672,1
407,478,10,0.0709693712714575,1
407,479,10,0.0664981200028009,1
407,480,10,0.0685399755252181,1
407,481,10,0.0795334529564028,1
407,482,10,0.09072174348628,1
407,483,10,0.111552407735285,1
407,484,10,0.145847279900093,1
408,473,10,0.107546364639817,1
408,474,10,0.0892784541702351,1
408,475,10,0.0731689251929243,1
408,476,10,0.0655913767512079,1
408,477,10,0.0642873907935731,1
408,478,10,0.0595774789012491,1
408,479,10,0.0550278383090836,1
408,480,10,0.0532286951284354,1
408,481,10,0.0555026587927236,1
408,482,10,0.064885944977043,1
408,483,10,0.101259793375362,1
409,469,10,0.128852811204653,1
409,470,10,0.129011934317634,1
409,471,10,0.122489990693312,1
409,472,10,0.109622731903512,1
409,473,10,0.0975512028961921,1
409,474,10,0.0832216285473333,1
409,475,10,0.0683726227355585,1
409,476,10,0.0588227652502341,1
409,477,10,0.0558743949113691,1
409,478,10,0.0523168722005874,1
409,479,10,0.0485940345820993,1
409,482,10,0.0484732525048034,1
409,483,10,0.0749536408907182,1
410,468,10,0.11868934686208,1
410,469,10,0.114960575941268,1
410,470,10,0.109674514544057,1
410,471,10,0.100755095979311,1
410,472,10,0.0911390764621965,1
410,473,10,0.0862115440253678,1
410,474,10,0.076385400243382,1
410,475,10,0.0613378782789821,1
410,476,10,0.0504586544891017,1
410,483,10,0.0518609156507795,1
410,484,10,0.0885603863256702,1
411,467,10,0.0941547570200284,1
411,468,10,0.100180377199806,1
411,469,10,0.104797279919329,1
411,470,10,0.0952374915166401,1
411,471,10,0.0843078436741836,1
411,472,10,0.0822986002744684,1
411,473,10,0.0832717400044475,1
411,474,10,0.0687940254639301,1
411,475,10,0.0518040533339797,1
411,484,10,0.0525712768149196,1
411,485,10,0.0916587363602577,1
411,493,10,0.102213534152353,1
411,494,10,0.101215669323632,1
411,495,10,0.10002406143453,1
412,467,10,0.0745671646937565,1
412,468,10,0.0849997376602701,1
412,469,10,0.0996480631969917,1
412,470,10,0.0945756247292442,1
412,471,10,0.090549010447806,1
412,472,10,0.0918701711214886,1
412,473,10,0.081712411646095,1
412,474,10,0.0580474503559933,1
412,485,10,0.0498564934349182,1
412,486,10,0.0789256231037478,1
412,493,10,0.125754304872334,1
412,494,10,0.154284183323677,1
412,495,10,0.143969182319524,1
412,496,10,0.131670414445796,1
413,465,10,0.0776483279893937,1
413,466,10,0.0739149462855195,1
413,467,10,0.068930810024292,1
413,468,10,0.0758539218322826,1
413,469,10,0.089739460339042,1
413,470,10,0.100412707765371,1
413,471,10,0.119386242375556,1
413,472,10,0.110156464608807,1
413,473,10,0.0770371557698774,1
413,474,10,0.0491250080312988,1
413,487,10,0.0549798248484345,1
413,488,10,0.0787115793727007,1
413,493,10,0.155610357547651,1
413,494,10,0.187457715452334,1
413,495,10,0.180390954006724,1
413,496,10,0.165351192825809,1
413,497,10,0.148976805320548,1
414,465,10,0.0804478247395551,1
414,466,10,0.0737170372894645,1
414,467,10,0.0665643301262001,1
414,468,10,0.0693854320319359,1
414,469,10,0.0815550198310561,1
414,470,10,0.103929406711126,1
414,471,10,0.131294626609049,1
414,472,10,0.108805150495959,1
414,473,10,0.0674078329112814,1
414,489,10,0.0623216462546639,1
414,490,10,0.0947550004212825,1
414,492,10,0.128031502697362,1
414,493,10,0.140086674545996,1
414,494,10,0.148961175547456,1
414,495,10,0.139040970588711,1
414,496,10,0.132756407148952,1
414,497,10,0.128423353131687,1
414,498,10,0.137804294850043,1
415,466,10,0.0718857568907582,1
415,467,10,0.0679705227769557,1
415,468,10,0.0726302811320072,1
415,469,10,0.0817225108840931,1
415,470,10,0.0848454176967889,1
415,471,10,0.0891212366872807,1
415,472,10,0.0748355579550063,1
415,473,10,0.0534675901986991,1
415,491,10,0.0582913048734883,1
415,492,10,0.076535079366545,1
415,493,10,0.0915749547650321,1
415,494,10,0.0904223251254422,1
415,495,10,0.0823715672690045,1
415,496,10,0.0869529122547424,1
415,497,10,0.110354638108715,1
415,498,10,0.141552446689489,1
415,499,10,0.145154351944401,1
416,466,10,0.0750350419512728,1
416,467,10,0.0727299209354703,1
416,468,10,0.0785766583622075,1
416,469,10,0.0840100003135573,1
416,470,10,0.0737187505530535,1
416,471,10,0.0628978618855143,1
416,472,10,0.0541805242639483,1
416,493,10,0.0556392509866475,1
416,494,10,0.0598292324656068,1
416,495,10,0.0609767343373323,1
416,496,10,0.0699337725636213,1
416,497,10,0.0975705237003146,1
416,498,10,0.12528487064896,1
416,499,10,0.122648476592467,1
417,467,10,0.074601315747963,1
417,468,10,0.072525555640838,1
417,469,10,0.0725462109871245,1
417,470,10,0.0665768940591858,1
417,471,10,0.0592776517617303,1
417,472,10,0.0499188922982634,1
417,494,10,0.0515894445265208,1
417,495,10,0.0605345019305896,1
417,496,10,0.0668045056355672,1
417,497,10,0.0757649583661318,1
417,498,10,0.0917164342687729,1
417,499,10,0.10265614528052,1
418,467,10,0.0758389713531748,1
418,468,10,0.0668141299689213,1
418,469,10,0.0624519564820949,1
418,470,10,0.0603913392205158,1
418,471,10,0.0574015980745659,1
418,472,10,0.0508990774490364,1
418,494,10,0.0489785119715405,1
418,495,10,0.0628868008153259,1
418,496,10,0.0684521422118909,1
418,497,10,0.0677096077609855,1
418,498,10,0.0808892636347408,1
419,468,10,0.0743640978725811,1
419,469,10,0.0693545572186275,1
419,470,10,0.0638309593391213,1
419,471,10,0.0579895600810401,1
419,472,10,0.0559868932089261,1
419,473,10,0.054668672134875,1
419,474,10,0.0498093516346915,1
419,475,10,0.0486236530021091,1
419,495,10,0.0570943347699259,1
419,496,10,0.0639323845435875,1
419,497,10,0.0679723021665078,1
420,469,10,0.0823727755706935,1
420,470,10,0.0730238929215307,1
420,471,10,0.0615037823089051,1
420,472,10,0.0591132566060558,1
420,473,10,0.0587668707770758,1
420,474,10,0.0557698858324427,1
420,475,10,0.0599012496508549,1
420,476,10,0.0512188325492477,1
420,496,10,0.0542913153093676,1
420,497,10,0.0645312453110681,1
420,498,10,0.0801424790878445,1
421,470,10,0.0750857004504453,1
421,471,10,0.0620204304699204,1
421,472,10,0.0551705802175741,1
421,473,10,0.0514606131160824,1
421,474,10,0.0525554606868405,1
421,475,10,0.0649057406858094,1
421,476,10,0.0618599547804214,1
421,496,10,0.0500094157359978,1
421,497,10,0.0595969199343954,1
421,498,10,0.0718670432432058,1
421,499,10,0.0843944205942122,1
422,471,10,0.0632315515295825,1
422,472,10,0.0531683401584946,1
422,473,10,0.0480363763010704,1
422,474,10,0.055424149240191,1
422,475,10,0.081219556808887,1
422,476,10,0.0842440501541625,1
422,477,10,0.0525055175503596,1
422,496,10,0.0518502393134673,1
422,497,10,0.0578370014727575,1
422,498,10,0.0646874168015155,1
422,499,10,0.073855679388244,1
422,500,10,0.0851761316725185,1
423,472,10,0.054589194738701,1
423,473,10,0.0492355676358473,1
423,474,10,0.0527386416274816,1
423,475,10,0.0741815000427054,1
423,476,10,0.0829661358603358,1
423,477,10,0.0584833346702801,1
423,495,10,0.0483868138481521,1
423,496,10,0.0540501238647495,1
423,497,10,0.0578723367828483,1
423,498,10,0.0621647834473297,1
423,499,10,0.0710567897946527,1
423,500,10,0.0814185178089001,1
424,473,10,0.0525561159350202,1
424,474,10,0.0499551052802279,1
424,475,10,0.054865979985811,1
424,476,10,0.0606609047147475,1
424,477,10,0.0565529494872665,1
424,478,10,0.0536731758179229,1
424,492,10,0.0490958284472258,1
424,493,10,0.0541471366640428,1
424,494,10,0.0528503283791281,1
424,495,10,0.0549574923072661,1
424,496,10,0.0594055934773927,1
424,497,10,0.0616716821406229,1
424,498,10,0.0665707864247774,1
424,499,10,0.0772061677200653,1
425,474,10,0.05632212779595,1
425,475,10,0.0521094470772998,1
425,476,10,0.049831957696889,1
425,477,10,0.0487864220602369,1
425,478,10,0.0474490755542269,1
425,490,10,0.0474301665345109,1
425,491,10,0.0550662094020251,1
425,492,10,0.0682062678467963,1
425,493,10,0.069136563964149,1
425,494,10,0.065022416941943,1
425,495,10,0.0716474268969062,1
425,496,10,0.074945603580478,1
425,497,10,0.0721550158009792,1
425,498,10,0.0777274386870452,1
426,476,10,0.052583576244053,1
426,489,10,0.0535639357269104,1
426,490,10,0.0596143230855884,1
426,491,10,0.0696262387436779,1
426,492,10,0.0827368651234262,1
426,493,10,0.0766939079184182,1
426,494,10,0.0778464834549474,1
426,495,10,0.095307500877191,1
426,496,10,0.096579650189327,1
427,488,10,0.0542576752285121,1
427,489,10,0.0647122861750858,1
427,490,10,0.0719198418190016,1
427,491,10,0.0842602750609225,1
427,492,10,0.0996474860976775,1
427,493,10,0.0921597908168879,1
427,494,10,0.0935526260231009,1
428,481,10,0.0487700588900995,1
428,482,10,0.0511429740466896,1
428,487,10,0.049163655650995,1
428,488,10,0.0651174279279903,1
428,489,10,0.0778312143689265,1
428,490,10,0.0804618735009845,1
401,477,11,0.0879017416761119,1
401,478,11,0.080318716802362,1
401,479,11,0.0757247117004193,1
402,475,11,0.117260064227306,1
402,476,11,0.105289677886247,1
402,477,11,0.0932765922073895,1
402,478,11,0.086323224765563,1
402,479,11,0.0851416499884965,1
402,480,11,0.0760729610792681,1
402,481,11,0.0680404539886411,1
403,476,11,0.120260451653313,1
403,477,11,0.104732825139677,1
403,478,11,0.100566931545634,1
403,479,11,0.10640937078477,1
403,480,11,0.0976134154045505,1
403,481,11,0.0810426097431293,1
403,482,11,0.072362380809755,1
403,483,11,0.0694122611385939,1
404,475,11,0.12492666029549,1
404,476,11,0.114443266520622,1
404,477,11,0.108560075653873,1
404,478,11,0.115749218222796,1
404,479,11,0.136727716079449,1
404,480,11,0.141747951105068,1
404,481,11,0.123551492744323,1
404,482,11,0.0950439408226974,1
404,483,11,0.0788714839743368,1
404,484,11,0.0701339118080675,1
405,474,11,0.112859513636087,1
405,475,11,0.104619857948927,1
405,476,11,0.104549367672281,1
405,477,11,0.107742710658563,1
405,478,11,0.11118092409759,1
405,479,11,0.126351326135751,1
405,480,11,0.151245514976497,1
405,481,11,0.162805283132618,1
405,482,11,0.131377837116412,1
405,483,11,0.0971035601833791,1
405,484,11,0.0785823031148743,1
405,485,11,0.0700912004473674,1
405,486,11,0.0696422712839998,1
406,474,11,0.0984000799186367,1
406,475,11,0.0944778184183939,1
406,476,11,0.0950298740269144,1
406,477,11,0.0993701538085092,1
406,478,11,0.0940986942262368,1
406,479,11,0.0921129495892207,1
406,480,11,0.107574390025262,1
406,481,11,0.134383658894293,1
406,482,11,0.132422278668947,1
406,483,11,0.114748540034918,1
406,484,11,0.107049205603557,1
406,485,11,0.0969348307713971,1
406,486,11,0.0853689970610256,1
406,487,11,0.0861251654832283,1
407,474,11,0.093406253198092,1
407,475,11,0.0852458164147051,1
407,476,11,0.0812865303865873,1
407,477,11,0.0825814871445357,1
407,478,11,0.0754065676691267,1
407,479,11,0.0678672280111696,1
407,480,11,0.0680430449241037,1
407,481,11,0.0798496492775101,1
407,482,11,0.0924776042183652,1
407,483,11,0.114143884228491,1
407,484,11,0.155255850248114,1
407,489,11,0.108852532754233,1
408,474,11,0.0838354397939217,1
408,475,11,0.072241087759108,1
408,476,11,0.0658024868940746,1
408,477,11,0.0661106699507465,1
408,478,11,0.0625188879796369,1
408,479,11,0.0566287839440198,1
408,480,11,0.0519452743453193,1
408,481,11,0.0513746193068191,1
408,482,11,0.0575739764374197,1
408,483,11,0.0887548086800354,1
409,473,11,0.0895695707169805,1
409,474,11,0.0777366001386577,1
409,475,11,0.064744459461851,1
409,476,11,0.0560387359639828,1
409,477,11,0.0562219229160751,1
409,478,11,0.0555933715911705,1
409,479,11,0.0509558616169707,1
409,483,11,0.0629485023503331,1
409,493,11,0.100416891735399,1
410,468,11,0.108944748415478,1
410,469,11,0.10477817552745,1
410,470,11,0.0971422078030753,1
410,471,11,0.0883203611025829,1
410,472,11,0.0826267714063449,1
410,473,11,0.0794960977987124,1
410,474,11,0.0702898248061139,1
410,475,11,0.0565986064590494,1
410,476,11,0.0475834555341131,1
410,484,11,0.0713025198849187,1
410,493,11,0.0969069977523905,1
410,494,11,0.0805041159684919,1
411,467,11,0.0860206684272043,1
411,468,11,0.0891726826865589,1
411,469,11,0.094233296629817,1
411,470,11,0.0920265409898254,1
411,471,11,0.0850890077104316,1
411,472,11,0.0805095503203671,1
411,473,11,0.0751763952145386,1
411,474,11,0.0613693181687023,1
411,475,11,0.0478892790961932,1
411,485,11,0.075801129267938,1
411,493,11,0.0907167058901834,1
411,494,11,0.0914589578028829,1
411,495,11,0.0943091070407655,1
411,496,11,0.0965853791023105,1
412,467,11,0.0701221954896995,1
412,468,11,0.0762776209350086,1
412,469,11,0.0900226598045711,1
412,470,11,0.0961610367743072,1
412,471,11,0.0965542818653081,1
412,472,11,0.0901021852923547,1
412,473,11,0.0722934595218694,1
412,474,11,0.0522920869873338,1
412,486,11,0.0662430781746426,1
412,492,11,0.112343334368265,1
412,493,11,0.112679711131015,1
412,494,11,0.139513807293458,1
412,495,11,0.140307619423008,1
412,496,11,0.134512953186473,1
412,497,11,0.142989279706957,1
413,467,11,0.0663351615839606,1
413,468,11,0.0701305153381456,1
413,469,11,0.081218414633161,1
413,470,11,0.0959479067838409,1
413,471,11,0.112809173743828,1
413,472,11,0.101467152372686,1
413,473,11,0.068548006824007,1
413,488,11,0.0604350124134062,1
413,489,11,0.0849787516841682,1
413,490,11,0.121862046524977,1
413,492,11,0.131527113472345,1
413,493,11,0.149126093699384,1
413,494,11,0.17751810552915,1
413,495,11,0.179371820663695,1
413,496,11,0.172702596485234,1
413,497,11,0.161976544471658,1
413,498,11,0.156963823760025,1
414,466,11,0.0699933400334564,1
414,467,11,0.0647922745446109,1
414,468,11,0.0657919969117492,1
414,469,11,0.0729452571285231,1
414,470,11,0.0871030302138422,1
414,471,11,0.104975723836433,1
414,472,11,0.0902500128885513,1
414,473,11,0.0587663778380782,1
414,489,11,0.0500659143600007,1
414,490,11,0.0682027872165577,1
414,491,11,0.0887169425489938,1
414,492,11,0.107884112013438,1
414,493,11,0.135619396846575,1
414,494,11,0.140310011980582,1
414,495,11,0.128653507551922,1
414,496,11,0.126341539493214,1
414,497,11,0.129955455627603,1
414,498,11,0.149529245661944,1
415,466,11,0.0714047446123932,1
415,467,11,0.0671390489057043,1
415,468,11,0.071605316681325,1
415,469,11,0.0777807542476433,1
415,470,11,0.0739146938045696,1
415,471,11,0.0725980477307301,1
415,472,11,0.0624409194577113,1
415,492,11,0.064754366333411,1
415,493,11,0.0824504435200596,1
415,494,11,0.0814092000595567,1
415,495,11,0.0731977921815354,1
415,496,11,0.078852914601613,1
415,497,11,0.106461141402413,1
415,498,11,0.149807864401667,1
415,499,11,0.158690793457694,1
416,467,11,0.0726225504057778,1
416,468,11,0.080349771959206,1
416,469,11,0.0846215813117544,1
416,470,11,0.0689936958151836,1
416,471,11,0.0566065115173634,1
416,472,11,0.0482337743237743,1
416,493,11,0.0490132882166708,1
416,494,11,0.0536246694182762,1
416,495,11,0.0562074533530624,1
416,496,11,0.0645326219333904,1
416,497,11,0.0877511247665633,1
416,498,11,0.118624459257943,1
416,499,11,0.1210994338271,1
417,467,11,0.0730359819498724,1
417,468,11,0.0711006854112371,1
417,469,11,0.0700090058752558,1
417,470,11,0.0621455047233655,1
417,471,11,0.0555133351300359,1
417,495,11,0.0536609845949109,1
417,496,11,0.0593856595052489,1
417,497,11,0.067910330116197,1
417,498,11,0.0847454532749617,1
418,468,11,0.0638687593441997,1
418,469,11,0.058449388005414,1
418,470,11,0.0569513343690342,1
418,471,11,0.0564689695141516,1
418,472,11,0.0493991091654528,1
418,495,11,0.0525062870161118,1
418,496,11,0.0567240534224682,1
418,497,11,0.0614896133184519,1
419,468,11,0.07205301950865,1
419,469,11,0.0656814463243775,1
419,470,11,0.061134438747833,1
419,471,11,0.0591684176821691,1
419,472,11,0.0545536069476602,1
419,473,11,0.0482443093919835,1
419,495,11,0.0477167865157667,1
419,496,11,0.0522726579770899,1
419,497,11,0.0603194422642915,1
420,469,11,0.0808854884433939,1
420,470,11,0.0706018972717053,1
420,471,11,0.0630231705855557,1
420,472,11,0.0586462750547667,1
420,473,11,0.0537151718159315,1
420,474,11,0.0476621394187302,1
420,475,11,0.0473102050203024,1
420,497,11,0.0575013460841503,1
421,470,11,0.0758712648689638,1
421,471,11,0.0651234033104725,1
421,472,11,0.0575188033384041,1
421,473,11,0.0513816226474546,1
421,474,11,0.0487636506831317,1
421,475,11,0.0532498133564635,1
421,497,11,0.0531703780404477,1
421,498,11,0.0648203059415068,1
422,471,11,0.06832269162198,1
422,472,11,0.0561502483835448,1
422,473,11,0.0492776117254654,1
422,474,11,0.0536053606370561,1
422,475,11,0.0674685124995864,1
422,476,11,0.0614033550053362,1
422,497,11,0.0507235671201128,1
422,498,11,0.0575900390349976,1
422,499,11,0.0678948806866405,1
423,472,11,0.057837590594974,1
423,473,11,0.0500875525785567,1
423,474,11,0.0527731714031131,1
423,475,11,0.0651066614189102,1
423,476,11,0.0633986818955481,1
423,497,11,0.0507291036666582,1
423,498,11,0.0556975259944768,1
423,499,11,0.066827902203596,1
423,500,11,0.0848696438450819,1
423,501,11,0.0973717731010932,1
424,473,11,0.0552552935877341,1
424,474,11,0.0517254596211305,1
424,475,11,0.0534592282700948,1
424,476,11,0.0539120227965771,1
424,477,11,0.0482412405461514,1
424,496,11,0.0510172445450649,1
424,497,11,0.0538435102873724,1
424,498,11,0.0590250686171085,1
424,499,11,0.0713278461287793,1
424,500,11,0.0903039356057196,1
425,474,11,0.0579264578779058,1
425,475,11,0.0507878595905827,1
425,476,11,0.0477684158643063,1
425,492,11,0.0481549191127983,1
425,493,11,0.0509270547428715,1
425,494,11,0.0521966491882521,1
425,495,11,0.0571513834417126,1
425,496,11,0.0616198874771757,1
425,497,11,0.0619854979270593,1
425,498,11,0.0681362584862454,1
425,499,11,0.0791802441303229,1
426,475,11,0.0575298884543972,1
426,476,11,0.0506700652045278,1
426,490,11,0.0480227844099313,1
426,491,11,0.0511924843586849,1
426,492,11,0.058685559888289,1
426,493,11,0.0605822328530328,1
426,494,11,0.0639363701357261,1
426,495,11,0.0733922626275101,1
426,496,11,0.0764367921395996,1
426,497,11,0.0733643334252845,1
426,498,11,0.0794769813839303,1
427,477,11,0.0521111302836328,1
427,489,11,0.0526357977205347,1
427,490,11,0.0555539304599174,1
427,491,11,0.0596440857804268,1
427,492,11,0.0707707889928694,1
427,493,11,0.073453952139615,1
427,494,11,0.0767525315904165,1
427,495,11,0.0849410598852111,1
427,496,11,0.0852535651752881,1
428,479,11,0.0513081747368235,1
428,480,11,0.0473443560745089,1
428,488,11,0.0552856514162402,1
428,489,11,0.0616901433072254,1
428,490,11,0.062879977818226,1
428,491,11,0.0688914710877091,1
428,492,11,0.0792813447164249,1
428,493,11,0.0830890279569992,1
429,487,11,0.053094309137098,1
429,488,11,0.0694959104818933,1
429,489,11,0.0787410715522356,1
401,477,12,0.0831289500043475,1
401,478,12,0.0753056895067186,1
401,479,12,0.0711467752075057,1
401,480,12,0.0663784320096214,1
402,475,12,0.105547953875145,1
402,476,12,0.0935629897649513,1
402,477,12,0.0874841802650502,1
402,478,12,0.080939026427686,1
402,479,12,0.0767311909386943,1
402,480,12,0.0703485747185871,1
402,481,12,0.0651422973015606,1
402,482,12,0.0648122205396571,1
403,475,12,0.116847366080257,1
403,476,12,0.106034616917628,1
403,477,12,0.103106427020405,1
403,478,12,0.100925424437309,1
403,479,12,0.100281008892716,1
403,480,12,0.092335415363384,1
403,481,12,0.0776946762780634,1
403,482,12,0.0687788345267747,1
403,483,12,0.0672762121874911,1
404,474,12,0.131638950510271,1
404,475,12,0.11313125527565,1
404,476,12,0.109768870281925,1
404,477,12,0.114022200433517,1
404,478,12,0.121250838236754,1
404,479,12,0.13296671175736,1
404,480,12,0.140413132414283,1
404,481,12,0.12656391509561,1
404,482,12,0.0934267342122941,1
404,483,12,0.0738219130669135,1
404,484,12,0.0669732049902932,1
404,485,12,0.0645813206994751,1
405,473,12,0.120117860031102,1
405,474,12,0.109347948469648,1
405,475,12,0.102367872150187,1
405,476,12,0.107927971561315,1
405,477,12,0.11858537280231,1
405,478,12,0.123337761608737,1
405,479,12,0.128533314596842,1
405,480,12,0.157478896920829,1
405,481,12,0.1761404973288,1
405,482,12,0.137096025670916,1
405,483,12,0.0942341923360442,1
405,484,12,0.0763095898324334,1
405,485,12,0.067701624553806,1
405,486,12,0.0661552869414737,1
406,474,12,0.10017508712276,1
406,475,12,0.0972605913113466,1
406,476,12,0.10276911247127,1
406,477,12,0.112560528099735,1
406,478,12,0.10931849235882,1
406,479,12,0.0989244287486255,1
406,480,12,0.110772025187692,1
406,481,12,0.136023666939058,1
406,482,12,0.131609205849786,1
406,483,12,0.113518344640633,1
406,484,12,0.108622053715635,1
406,485,12,0.0990081802865952,1
406,486,12,0.0853116898968377,1
406,487,12,0.0817062318742724,1
406,488,12,0.0830378464615733,1
407,474,12,0.0961219262728695,1
407,475,12,0.0917908800803015,1
407,476,12,0.0896601572749524,1
407,477,12,0.0917104168061323,1
407,478,12,0.0853607854187009,1
407,479,12,0.0739464102210444,1
407,480,12,0.06968336556433,1
407,481,12,0.0747902977390018,1
407,482,12,0.083531963703531,1
407,483,12,0.103508160280486,1
407,484,12,0.144920266035089,1
407,485,12,0.159512089942082,1
407,489,12,0.100992800782239,1
407,490,12,0.0806349191349204,1
408,474,12,0.0860882611843771,1
408,475,12,0.0769497312352311,1
408,476,12,0.0695842126884133,1
408,477,12,0.0693542506346169,1
408,478,12,0.0672667862320262,1
408,479,12,0.0595803463634664,1
408,480,12,0.0518332509524062,1
408,481,12,0.0476579314028977,1
408,482,12,0.0497520655105828,1
408,483,12,0.0728941537819627,1
408,484,12,0.128979123817043,1
408,492,12,0.109392866032935,1
409,473,12,0.0848379634973142,1
409,474,12,0.0757451085543047,1
409,475,12,0.0634359108127636,1
409,476,12,0.0548332656684387,1
409,477,12,0.0559158498787707,1
409,478,12,0.0576850800783008,1
409,479,12,0.051063478616162,1
409,483,12,0.0512191992477703,1
409,484,12,0.0871819004534462,1
409,493,12,0.0883891801957983,1
410,468,12,0.0996010837059471,1
410,469,12,0.0974712325610206,1
410,472,12,0.078947631026552,1
410,473,12,0.0740969069015692,1
410,474,12,0.0645964034305092,1
410,475,12,0.0524585621051198,1
410,484,12,0.0557040183617612,1
410,485,12,0.0936619442629788,1
410,493,12,0.0854551110993126,1
410,494,12,0.0753244091657222,1
410,495,12,0.0907174272643261,1
411,468,12,0.0818947870522767,1
411,469,12,0.0847633313307987,1
411,470,12,0.0865397452145001,1
411,471,12,0.0835628745855465,1
411,472,12,0.0768603950591065,1
411,473,12,0.0671610147483501,1
411,474,12,0.0546915697524552,1
411,485,12,0.0596321290040112,1
411,486,12,0.0975770341019527,1
411,492,12,0.109656624465317,1
411,493,12,0.0812896863984617,1
411,494,12,0.0851780312910943,1
411,495,12,0.0964021620929622,1
411,496,12,0.0986240425441462,1
412,467,12,0.067076710156871,1
412,468,12,0.0695105183082834,1
412,469,12,0.0792629256299808,1
412,470,12,0.0913379292560882,1
412,471,12,0.0932035049838297,1
412,472,12,0.0812670472732827,1
412,473,12,0.0625583471452436,1
412,486,12,0.0522332048229344,1
412,487,12,0.0678509970929584,1
412,488,12,0.0839459663354886,1
412,489,12,0.102342708215509,1
412,490,12,0.120579238909882,1
412,491,12,0.115991407568311,1
412,492,12,0.0950262851905544,1
412,493,12,0.100122486924853,1
412,494,12,0.121614663285634,1
412,495,12,0.136174398066179,1
412,496,12,0.137689355903303,1
412,497,12,0.15472970399422,1
413,467,12,0.0634285107163495,1
413,468,12,0.065224960766865,1
413,469,12,0.0728553979561451,1
413,470,12,0.0876597146397785,1
413,471,12,0.098777208308999,1
413,472,12,0.0865136675392408,1
413,473,12,0.0599950102550548,1
413,489,12,0.0606957110171337,1
413,490,12,0.0816664841590086,1
413,491,12,0.0951646687969326,1
413,492,12,0.10477120224407,1
413,493,12,0.137099560404216,1
413,494,12,0.1560250755423,1
413,495,12,0.162672682542284,1
413,496,12,0.163096020957939,1
413,497,12,0.163416647718573,1
414,467,12,0.0621209840139643,1
414,468,12,0.0619418968715831,1
414,469,12,0.0656998413650169,1
414,470,12,0.073669168103644,1
414,471,12,0.0826318510825998,1
414,472,12,0.072367749035667,1
414,473,12,0.0510614046655017,1
414,490,12,0.0487595719134997,1
414,491,12,0.0621418497610424,1
414,492,12,0.0851500539972592,1
414,493,12,0.117724364671365,1
414,494,12,0.11814614010971,1
414,495,12,0.108893627034564,1
414,496,12,0.11023745087923,1
414,497,12,0.125234879420869,1
415,467,12,0.0651884832810481,1
415,468,12,0.0684075913471268,1
415,469,12,0.0721486677085233,1
415,470,12,0.0664340319216715,1
415,471,12,0.0622443750610763,1
415,472,12,0.0531941172611944,1
415,492,12,0.0527350527911216,1
415,493,12,0.0677769961288178,1
415,494,12,0.0680752602910273,1
415,495,12,0.0635244414544288,1
415,496,12,0.0701316034108108,1
415,497,12,0.098281401849257,1
415,498,12,0.14523324622981,1
416,467,12,0.069921473134488,1
416,468,12,0.0770961100716911,1
416,469,12,0.0795609914143011,1
416,470,12,0.0644087259243784,1
416,471,12,0.0526981124235632,1
416,495,12,0.0489566302892114,1
416,496,12,0.0570658284683861,1
416,497,12,0.0760931595552642,1
416,498,12,0.104932741960429,1
417,467,12,0.0699267151199251,1
417,468,12,0.0688282306211974,1
417,469,12,0.067034479712266,1
417,470,12,0.0589081699372808,1
417,471,12,0.0523058471991062,1
417,496,12,0.0515421043484049,1
417,497,12,0.0611248204259301,1
417,498,12,0.0780418616300516,1
418,468,12,0.0616824306153495,1
418,469,12,0.0567542309074387,1
418,470,12,0.0556514662554642,1
418,471,12,0.0549810271386723,1
418,472,12,0.0474950300928437,1
418,497,12,0.0554605125084353,1
419,468,12,0.0694503436818782,1
419,469,12,0.0621813329724539,1
419,470,12,0.059874931517548,1
419,471,12,0.0589456573468975,1
419,472,12,0.0523090392796877,1
419,497,12,0.0534463096614889,1
420,469,12,0.0746091366459603,1
420,470,12,0.0678101252363222,1
420,471,12,0.0629671077917641,1
420,472,12,0.0566260246879239,1
420,473,12,0.0489538920731947,1
420,497,12,0.049537456703124,1
421,470,12,0.075088772302003,1
421,471,12,0.0672985567515618,1
421,472,12,0.0590587207208663,1
421,473,12,0.0503162762734081,1
421,498,12,0.0561391692790029,1
422,471,12,0.073157359160836,1
422,472,12,0.0587571021688931,1
422,473,12,0.0491630064142665,1
422,474,12,0.0495734051812361,1
422,475,12,0.0530379638051005,1
422,498,12,0.0498899261207076,1
422,499,12,0.0618922723420152,1
423,472,12,0.0617204710784755,1
423,473,12,0.050361043550415,1
423,474,12,0.0515235049184251,1
423,475,12,0.0548877835192747,1
423,476,12,0.0483461223350515,1
423,498,12,0.0486861540601245,1
423,499,12,0.0611243274869325,1
423,500,12,0.0842395355543193,1
423,501,12,0.105602754264187,1
424,473,12,0.0566967253653616,1
424,474,12,0.0533837364660592,1
424,475,12,0.051490544131554,1
424,476,12,0.0475708405037923,1
424,498,12,0.0512475191943232,1
424,499,12,0.0642201406891181,1
424,500,12,0.0883271780882316,1
424,501,12,0.108023601726835,1
425,474,12,0.0593073843993127,1
425,475,12,0.0504202743789834,1
425,496,12,0.0493864640778761,1
425,497,12,0.0514864503332941,1
425,498,12,0.0577018339927655,1
425,499,12,0.0690430798867039,1
425,500,12,0.087703231534938,1
426,475,12,0.0556225211179876,1
426,476,12,0.049343181629313,1
426,493,12,0.0489166451216256,1
426,494,12,0.0532703304393726,1
426,495,12,0.0573440624752328,1
426,496,12,0.0598842492668915,1
426,497,12,0.060487522439545,1
426,498,12,0.0674957563963764,1
426,499,12,0.0763605489041654,1
427,476,12,0.0554432416091683,1
427,477,12,0.0501032995749471,1
427,492,12,0.0521872352556896,1
427,493,12,0.0579089104518841,1
427,494,12,0.063193432917591,1
427,495,12,0.0671289917478645,1
427,496,12,0.0683388383798745,1
427,497,12,0.0675104724288879,1
427,498,12,0.0734427227487933,1
428,478,12,0.0530690129504933,1
428,479,12,0.0493290907877252,1
428,489,12,0.0484702197276784,1
428,490,12,0.0495893956413997,1
428,491,12,0.0545955428311569,1
428,492,12,0.0623802879610158,1
428,493,12,0.0668463753931008,1
428,494,12,0.0712773679731426,1
428,495,12,0.0744256010296991,1
429,488,12,0.0566599953985948,1
429,489,12,0.0617771891204468,1
429,490,12,0.0633132952428549,1
401,477,13,0.0811359435342947,1
401,478,13,0.0754174784530353,1
401,479,13,0.0716588125854588,1
401,480,13,0.0667761556317583,1
402,475,13,0.0988830879987966,1
402,476,13,0.0868727315187792,1
402,477,13,0.0857028490142759,1
402,478,13,0.0825383730166058,1
402,479,13,0.0778543825018102,1
402,480,13,0.0708171432929902,1
402,481,13,0.0646668756728016,1
402,482,13,0.0641506603362719,1
403,475,13,0.102182118308437,1
403,476,13,0.098648707528376,1
403,477,13,0.104608592489399,1
403,478,13,0.103235408717124,1
403,479,13,0.0980906404686662,1
403,480,13,0.0898581985229335,1
403,481,13,0.076959764347266,1
403,482,13,0.0682408457140373,1
403,483,13,0.0666252381496503,1
404,474,13,0.116294661235008,1
404,475,13,0.104736900903584,1
404,476,13,0.110510623244175,1
404,477,13,0.122606372388337,1
404,478,13,0.125846304121336,1
404,479,13,0.124412957745558,1
404,480,13,0.127901631305868,1
404,481,13,0.120121130260549,1
404,482,13,0.0907960630573337,1
404,483,13,0.0731032681230345,1
404,484,13,0.0679931558906835,1
404,485,13,0.0668455698586414,1
405,473,13,0.11532324679152,1
405,474,13,0.10749204516687,1
405,475,13,0.105407502329558,1
405,476,13,0.117795179566375,1
405,477,13,0.135879139629564,1
405,478,13,0.140777642768599,1
405,479,13,0.13176889403918,1
405,480,13,0.147387702244455,1
405,481,13,0.163841981936022,1
405,482,13,0.128108088585514,1
405,483,13,0.0936498492231859,1
405,484,13,0.084719141153106,1
405,485,13,0.079700631413978,1
405,486,13,0.0734223499407127,1
405,487,13,0.0691223348591839,1
406,474,13,0.105623529839497,1
406,475,13,0.109809279256819,1
406,476,13,0.120884512424179,1
406,477,13,0.133696982847839,1
406,478,13,0.132245746393322,1
406,479,13,0.112792425840814,1
406,480,13,0.109249036051779,1
406,481,13,0.12191083546283,1
406,482,13,0.114536383899545,1
406,483,13,0.107281103344637,1
406,484,13,0.11514588493563,1
406,485,13,0.112917920895843,1
406,486,13,0.096877481527051,1
406,487,13,0.0857125394735931,1
406,488,13,0.0793764398627889,1
406,489,13,0.0729361197227153,1
407,474,13,0.105952368242456,1
407,475,13,0.110725039685196,1
407,476,13,0.110162752586751,1
407,477,13,0.108067316999884,1
407,478,13,0.1003759537528,1
407,479,13,0.0853380260644982,1
407,480,13,0.0740818662506935,1
407,481,13,0.0698965436464059,1
407,482,13,0.0721729960514865,1
407,483,13,0.088913559083043,1
407,484,13,0.127502458923994,1
407,485,13,0.14762124712316,1
407,486,13,0.132802250475722,1
407,489,13,0.0965564940793458,1
407,490,13,0.0801444869125418,1
407,491,13,0.0811629469730372,1
408,474,13,0.09625587342827,1
408,475,13,0.0914892615283283,1
408,476,13,0.082422929107966,1
408,477,13,0.0785170788694701,1
408,478,13,0.0751845287079977,1
408,479,13,0.0656044997491542,1
408,480,13,0.0551427532100188,1
408,481,13,0.0472034566758079,1
408,483,13,0.0599660951748342,1
408,484,13,0.0982593398233922,1
408,485,13,0.136289024417457,1
408,492,13,0.0957821410172953,1
409,473,13,0.083985353363681,1
409,474,13,0.0809493300550245,1
409,475,13,0.0704728614719264,1
409,476,13,0.0602143140058926,1
409,477,13,0.0596821743351624,1
409,478,13,0.060966629087883,1
409,479,13,0.0530162324090511,1
409,484,13,0.0677884058631751,1
409,485,13,0.10320086691859,1
409,493,13,0.0793656072277457,1
409,494,13,0.0721708679977655,1
410,469,13,0.0899252322151457,1
410,472,13,0.0779032736343329,1
410,473,13,0.0725692649024356,1
410,474,13,0.0653547239522377,1
410,475,13,0.055454567183209,1
410,476,13,0.0473050742467123,1
410,484,13,0.0481152014547904,1
410,485,13,0.07263211462462,1
410,493,13,0.082813288702396,1
410,494,13,0.0784542832503465,1
410,495,13,0.0984090369809088,1
411,468,13,0.0748357022298348,1
411,469,13,0.0768867612840229,1
411,470,13,0.0809725282451641,1
411,471,13,0.0816026786160851,1
411,472,13,0.0751919889189237,1
411,473,13,0.0650116684672165,1
411,474,13,0.0542648889699393,1
411,485,13,0.0488864826652832,1
411,486,13,0.0721588751526428,1
411,492,13,0.106826541451505,1
411,493,13,0.0867630946719883,1
411,494,13,0.0933965266700677,1
411,495,13,0.119002579537751,1
412,468,13,0.0651674552247879,1
412,469,13,0.0713052731295634,1
412,470,13,0.0836968277523982,1
412,471,13,0.0856513549233881,1
412,472,13,0.0739519467675898,1
412,473,13,0.0592279611061994,1
412,487,13,0.0553004275632636,1
412,488,13,0.0660398430328339,1
412,489,13,0.0768849097570566,1
412,490,13,0.0883506648280283,1
412,491,13,0.0891108068194672,1
412,492,13,0.0860137732926902,1
412,493,13,0.0969318611145096,1
412,494,13,0.112621929062183,1
412,495,13,0.137613154748027,1
412,496,13,0.14581335126958,1
412,497,13,0.162351875438115,1
413,467,13,0.0604015887447936,1
413,468,13,0.0618281962837882,1
413,469,13,0.0664957033994227,1
413,470,13,0.0780988622102288,1
413,471,13,0.0835183898467455,1
413,472,13,0.073306593436611,1
413,473,13,0.0558337695242316,1
413,489,13,0.0476266989082435,1
413,490,13,0.0576994594695457,1
413,491,13,0.0659835157351899,1
413,492,13,0.0835010949016738,1
413,493,13,0.11772979902324,1
413,494,13,0.126427551336831,1
413,495,13,0.133466227282486,1
413,496,13,0.140233329909211,1
413,497,13,0.153541901353721,1
414,467,13,0.0599212317146082,1
414,468,13,0.0598965006044153,1
414,469,13,0.0615575487283424,1
414,470,13,0.0662538026035643,1
414,471,13,0.0693445180951414,1
414,472,13,0.0614733583544359,1
414,473,13,0.0482339065757004,1
414,491,13,0.0481291870959824,1
414,492,13,0.0664977232470224,1
414,493,13,0.0925268380036057,1
414,494,13,0.0923424728070803,1
414,495,13,0.0890966197946604,1
414,496,13,0.0946136110893096,1
414,497,13,0.117131515355074,1
415,467,13,0.0624792304361409,1
415,468,13,0.064541055999409,1
415,469,13,0.0668826184323213,1
415,470,13,0.0634927851524658,1
415,471,13,0.0589746385530812,1
415,472,13,0.0504337009552148,1
415,493,13,0.0551657770680739,1
415,494,13,0.0570289542267908,1
415,495,13,0.0568485746224039,1
415,496,13,0.0643537271574473,1
415,497,13,0.08891596967497,1
415,498,13,0.129793675453196,1
416,467,13,0.0663165501310785,1
416,468,13,0.0711285064073413,1
416,469,13,0.0725245577399406,1
416,470,13,0.062540865845185,1
416,471,13,0.0534114312216885,1
416,496,13,0.0532805559178457,1
416,497,13,0.0686093717177477,1
416,498,13,0.0932446473557694,1
417,467,13,0.0668122724305038,1
417,468,13,0.0661372646108081,1
417,469,13,0.0645048610517981,1
417,470,13,0.0581137326168068,1
417,471,13,0.0525659566806171,1
417,497,13,0.0569450944826997,1
417,498,13,0.075369398866423,1
418,467,13,0.0717508418917162,1
418,468,13,0.0610246335804088,1
418,469,13,0.0567696683140928,1
418,470,13,0.0563896484157085,1
418,471,13,0.0564335019521346,1
418,472,13,0.048958665165439,1
418,497,13,0.0524039721168695,1
419,468,13,0.0682906746329456,1
419,469,13,0.0598163198684521,1
419,470,13,0.0612157736824246,1
419,471,13,0.0632343228085808,1
419,472,13,0.0554247684196635,1
419,497,13,0.0488365455402534,1
420,469,13,0.0702619316725954,1
420,470,13,0.069729755933158,1
420,471,13,0.0692726391732706,1
420,472,13,0.0606219685453942,1
420,473,13,0.0498374581747272,1
420,498,13,0.0592145856273031,1
421,470,13,0.0810555644204422,1
421,471,13,0.0761135624206008,1
421,472,13,0.0632353868354413,1
421,473,13,0.0512086551623842,1
421,498,13,0.0502834477384632,1
422,471,13,0.0817754296889127,1
422,472,13,0.0619861712095925,1
422,473,13,0.0504634997187603,1
422,474,13,0.0477436667197598,1
422,499,13,0.0586884453848598,1
423,472,13,0.0646534280564911,1
423,473,13,0.0535333194060032,1
423,474,13,0.0519676429551948,1
423,475,13,0.0497581611220888,1
423,499,13,0.0568861221465324,1
423,500,13,0.083547521339209,1
423,501,13,0.113245617123075,1
424,473,13,0.0602105027458385,1
424,474,13,0.0559624025567808,1
424,475,13,0.0512251986760572,1
424,499,13,0.0590836502089484,1
424,500,13,0.0851004294676913,1
424,501,13,0.114409265752695,1
425,474,13,0.0607567993841196,1
425,475,13,0.0514427771404036,1
425,498,13,0.051693947593996,1
425,499,13,0.0629977481584761,1
425,500,13,0.0835618826961003,1
425,501,13,0.112169723657917,1
426,475,13,0.0564035048106999,1
426,476,13,0.0497596760077885,1
426,494,13,0.0473061623193775,1
426,495,13,0.049312859869514,1
426,496,13,0.0518476844467118,1
426,497,13,0.0534497121428621,1
426,498,13,0.0595099883387465,1
426,499,13,0.0700324625577965,1
426,500,13,0.0859911041102552,1
427,476,13,0.0558060326884441,1
427,477,13,0.0498249182875463,1
427,493,13,0.0504923005814083,1
427,494,13,0.0550727678952726,1
427,495,13,0.0572819882302519,1
427,496,13,0.0593681782051904,1
427,497,13,0.060214422212014,1
427,498,13,0.0658019999665282,1
427,499,13,0.0780072356712011,1
428,477,13,0.0579070108333083,1
428,478,13,0.0525042731799634,1
428,479,13,0.050238638381298,1
428,491,13,0.0484594442014215,1
428,492,13,0.0543746280114004,1
428,493,13,0.0585849943213427,1
428,494,13,0.0618994620376376,1
428,495,13,0.0636327377476045,1
429,480,13,0.0566957394873665,1
429,481,13,0.0473767277391634,1
429,488,13,0.0489985120696474,1
429,489,13,0.052838672175272,1
429,490,13,0.0560495926448308,1
429,491,13,0.0615293850795204,1
429,494,13,0.0853425346528902,1
430,487,13,0.0477976826144215,1
430,488,13,0.0529777290641834,1
401,477,14,0.0771956597033863,1
401,478,14,0.0723031980727961,1
401,479,14,0.0684238402996915,1
401,480,14,0.0641682919226102,1
401,481,14,0.0621440439407265,1
402,475,14,0.0940112937373952,1
402,476,14,0.082993415825833,1
402,477,14,0.083209106694506,1
402,478,14,0.0810149149875,1
402,479,14,0.0760847735808551,1
402,480,14,0.0693725915721955,1
402,481,14,0.0637298707759216,1
402,482,14,0.0632109021947472,1
403,474,14,0.10731397395974,1
403,475,14,0.0913271867928129,1
403,476,14,0.0938602199575563,1
403,477,14,0.102826569921738,1
403,478,14,0.101912612928717,1
403,479,14,0.0954713008991977,1
403,480,14,0.0872087115257506,1
403,481,14,0.0764101133192213,1
403,482,14,0.0680680345266978,1
403,483,14,0.0645782187906615,1
403,484,14,0.063795197215996,1
404,473,14,0.114445514803367,1
404,474,14,0.103545755896224,1
404,475,14,0.0977570590307194,1
404,476,14,0.108953224561655,1
404,477,14,0.125230959954694,1
404,478,14,0.128627153349908,1
404,479,14,0.120257121309354,1
404,480,14,0.11628946734118,1
404,481,14,0.109374939885488,1
404,482,14,0.087705551955097,1
404,483,14,0.0715469214444719,1
404,484,14,0.0672838767877575,1
404,485,14,0.0678172247601768,1
405,473,14,0.103290846319992,1
405,474,14,0.102036340617096,1
405,475,14,0.10539093477008,1
405,476,14,0.122052393115436,1
405,477,14,0.145929997468458,1
405,478,14,0.155844118838599,1
405,479,14,0.139276944093696,1
405,480,14,0.133814723130833,1
405,481,14,0.135930705857866,1
405,482,14,0.109507167765848,1
405,483,14,0.0875209643348776,1
405,484,14,0.088799948667016,1
405,485,14,0.0903341912395555,1
405,486,14,0.0797543196845498,1
405,487,14,0.0691534200732839,1
406,474,14,0.103232667495381,1
406,475,14,0.116754813777746,1
406,476,14,0.131414987884762,1
406,477,14,0.147159531603113,1
406,478,14,0.153247496543175,1
406,479,14,0.131896553216636,1
406,480,14,0.111066862822724,1
406,481,14,0.103967567403276,1
406,482,14,0.092917462101888,1
406,483,14,0.0931384190018029,1
406,484,14,0.11399492046802,1
406,485,14,0.122445794504168,1
406,486,14,0.104919685088446,1
406,487,14,0.0857595069417353,1
406,488,14,0.0730144850004194,1
406,489,14,0.0669211638573472,1
407,474,14,0.106548139124025,1
407,475,14,0.123471841016064,1
407,476,14,0.123578099427287,1
407,477,14,0.119318890076431,1
407,478,14,0.11510079905171,1
407,479,14,0.099911995961459,1
407,480,14,0.080303856495022,1
407,481,14,0.0655979412559066,1
407,482,14,0.061072713167021,1
407,483,14,0.0720900199907202,1
407,484,14,0.10387160059649,1
407,485,14,0.125975430092882,1
407,486,14,0.122906788650072,1
407,487,14,0.118063170060395,1
407,488,14,0.106280304927736,1
407,489,14,0.0873554149805748,1
407,490,14,0.0763193524291649,1
407,491,14,0.0751993589580818,1
408,474,14,0.0999232493980854,1
408,475,14,0.103106330837186,1
408,476,14,0.0915945400730069,1
408,477,14,0.0841047588186546,1
408,478,14,0.0805192888712938,1
408,479,14,0.0698743794258708,1
408,480,14,0.0570811456460165,1
408,483,14,0.0497333398401281,1
408,484,14,0.0739722534497073,1
408,485,14,0.105125252673316,1
408,486,14,0.131228428508552,1
408,490,14,0.112156630717227,1
408,491,14,0.0973979169023156,1
408,492,14,0.0788521992389214,1
408,493,14,0.0679283103667043,1
409,473,14,0.075184853326362,1
409,474,14,0.0828855703914965,1
409,475,14,0.0758380756469476,1
409,476,14,0.0627353362911597,1
409,477,14,0.0582054853963095,1
409,478,14,0.0575641897948835,1
409,479,14,0.0496070813307987,1
409,484,14,0.0530195146614004,1
409,485,14,0.0803982483015967,1
409,492,14,0.0932111575611937,1
409,493,14,0.0697509583215028,1
409,494,14,0.0669364810349776,1
410,469,14,0.0779192400486918,1
410,472,14,0.0722543129517245,1
410,473,14,0.067897946526747,1
410,474,14,0.0647145945723425,1
410,475,14,0.0556526084311901,1
410,485,14,0.0559628894843271,1
410,486,14,0.0822349570407271,1
410,492,14,0.10292686497338,1
410,493,14,0.0776329627201538,1
410,494,14,0.0794874894006093,1
411,468,14,0.0669634063248546,1
411,469,14,0.0684346308545764,1
411,470,14,0.0719759947845611,1
411,471,14,0.0746917520196552,1
411,472,14,0.0704055452415084,1
411,473,14,0.0610681504755683,1
411,474,14,0.0520490860959077,1
411,486,14,0.0503450380616234,1
411,487,14,0.0669568718774118,1
411,488,14,0.0800015346032596,1
411,489,14,0.0890550506096862,1
411,490,14,0.099697417211256,1
411,491,14,0.101000002500764,1
411,492,14,0.0960324217761116,1
411,493,14,0.0872583601011232,1
411,494,14,0.0978417002634651,1
412,468,14,0.0594153801199289,1
412,469,14,0.0625143673683425,1
412,470,14,0.0704687255935082,1
412,471,14,0.0727387758030722,1
412,472,14,0.0652032534166203,1
412,473,14,0.0542200315211645,1
412,488,14,0.0488446489764567,1
412,489,14,0.0541448042209813,1
412,490,14,0.0598710481200797,1
412,491,14,0.0643797807869018,1
412,492,14,0.0744861002744684,1
412,493,14,0.0878105659959234,1
412,494,14,0.0986177124860438,1
413,467,14,0.0563342108128405,1
413,468,14,0.0570660328577266,1
413,469,14,0.0595340221206014,1
413,470,14,0.0665753911963884,1
413,471,14,0.0691642226510711,1
413,472,14,0.0620924356322662,1
413,473,14,0.050442122998331,1
413,492,14,0.0628205426003172,1
413,493,14,0.0892715169555626,1
413,494,14,0.0936326264155284,1
413,495,14,0.0964552732642199,1
413,496,14,0.105764522415692,1
413,497,14,0.130202947073068,1
414,468,14,0.0557987648439562,1
414,469,14,0.0566276117110379,1
414,470,14,0.0596124956044269,1
414,471,14,0.0605063382817676,1
414,472,14,0.0539559063902592,1
414,492,14,0.0489010754630453,1
414,493,14,0.0657168116917243,1
414,494,14,0.0673277363356348,1
414,495,14,0.0668808811229275,1
414,496,14,0.0739277626994551,1
414,497,14,0.0988646148092918,1
415,467,14,0.0574110420643843,1
415,468,14,0.0581753860602045,1
415,469,14,0.0597594455287499,1
415,470,14,0.0589284345392401,1
415,471,14,0.0556321574742441,1
415,472,14,0.0475695179845307,1
415,495,14,0.0479864511989431,1
415,496,14,0.0552395976886788,1
415,497,14,0.074362889570892,1
415,498,14,0.106728999644507,1
416,467,14,0.0597593313111773,1
416,468,14,0.0623133324176691,1
416,469,14,0.0640382161417756,1
416,470,14,0.0592294639689967,1
416,471,14,0.0525713068721756,1
416,497,14,0.0584072597554792,1
416,498,14,0.0784457950812671,1
417,467,14,0.0611725753941781,1
417,468,14,0.0617499873038151,1
417,469,14,0.0618028159368669,1
417,470,14,0.057858101666432,1
417,471,14,0.0526551846506202,1
417,497,14,0.0510194447362002,1
417,498,14,0.0688265894950227,1
418,467,14,0.0674668593505093,1
418,468,14,0.0597533739630487,1
418,469,14,0.0579909968178744,1
418,470,14,0.0593590828795409,1
418,471,14,0.0602445936855332,1
418,472,14,0.052279042138253,1
418,497,14,0.0474835452153465,1
419,468,14,0.0662456691101052,1
419,469,14,0.0593011505244294,1
419,470,14,0.0664490064465841,1
419,471,14,0.0745940779607311,1
419,472,14,0.067512636551316,1
419,473,14,0.0489762967517773,1
420,469,14,0.0674934780563757,1
420,470,14,0.0769357125310576,1
420,471,14,0.0853585732046633,1
420,472,14,0.0753894771133954,1
420,473,14,0.0541510861874742,1
420,498,14,0.0529516934690825,1
421,470,14,0.0920799948138008,1
421,471,14,0.0907537244066072,1
421,472,14,0.0722685901482991,1
421,473,14,0.0529914712416022,1
421,499,14,0.0619881609999361,1
422,471,14,0.0923396233792166,1
422,472,14,0.0668022633642736,1
422,473,14,0.0527914221689239,1
422,499,14,0.0529386666543552,1
422,500,14,0.0799393882208644,1
423,472,14,0.0686391404240372,1
423,473,14,0.0584995114854306,1
423,474,14,0.0522689068315478,1
423,499,14,0.0500229054324667,1
423,500,14,0.0759233240362634,1
423,501,14,0.110154564990232,1
424,473,14,0.0644427266923053,1
424,474,14,0.0577701300897274,1
424,475,14,0.0491955013136704,1
424,499,14,0.0520252446804909,1
424,500,14,0.0773232046632703,1
424,501,14,0.114089528686837,1
424,502,14,0.143435269270693,1
425,474,14,0.0609397098094572,1
425,475,14,0.0513620012707727,1
425,499,14,0.0566542785085138,1
425,500,14,0.0783282892448694,1
425,501,14,0.116244778213039,1
426,475,14,0.0558936676238821,1
426,476,14,0.0495759209735588,1
426,498,14,0.0521526874457046,1
426,499,14,0.0643403156098439,1
426,500,14,0.0838009761442533,1
427,476,14,0.0573517030296945,1
427,477,14,0.0502374120452554,1
427,496,14,0.0493201156910995,1
427,497,14,0.0522465322102211,1
427,498,14,0.0589268475161261,1
427,499,14,0.0737584080965495,1
428,477,14,0.0597907832237999,1
428,478,14,0.0527844188282883,1
428,479,14,0.0502269461087347,1
428,493,14,0.0485939474160571,1
428,494,14,0.0509633578966038,1
428,495,14,0.0516773620001647,1
428,496,14,0.0542171640589472,1
428,497,14,0.0567795631627505,1
429,479,14,0.0614144822014877,1
429,480,14,0.055888173157495,1
429,490,14,0.048116316578986,1
429,491,14,0.0529617686612758,1
429,492,14,0.0613532796169292,1
429,493,14,0.0686924499731841,1
429,494,14,0.0731099047651475,1
430,488,14,0.0482135427847966,1
430,489,14,0.0529982221012879,1
430,490,14,0.0577612211190648,1
430,491,14,0.0644939502678895,1
401,477,15,0.0758699724069581,1
401,478,15,0.0725344586000494,1
401,479,15,0.0682661238662884,1
401,480,15,0.0638225853876145,1
401,481,15,0.066014126044646,1
402,475,15,0.087260067353261,1
402,476,15,0.0807009368918816,1
402,477,15,0.0850947005547079,1
402,478,15,0.0854638517493419,1
402,479,15,0.0800419916697638,1
402,480,15,0.0706921652227642,1
402,481,15,0.0643907937654807,1
402,482,15,0.0634282281781436,1
403,474,15,0.0940747686505033,1
403,475,15,0.0850093319363683,1
403,476,15,0.094317060190689,1
403,477,15,0.110746055718554,1
403,478,15,0.115775283875153,1
403,479,15,0.107857745788522,1
403,480,15,0.0892809128537715,1
403,481,15,0.075056352545739,1
403,482,15,0.0675023689926847,1
403,483,15,0.0622502482488883,1
403,484,15,0.0624201799511081,1
404,473,15,0.102451876169107,1
404,474,15,0.0956471598922902,1
404,475,15,0.0959597313083303,1
404,476,15,0.114655795365969,1
404,477,15,0.140564404572012,1
404,478,15,0.152340092031951,1
404,479,15,0.140536908194272,1
404,480,15,0.113430024399759,1
404,481,15,0.0964898992230704,1
404,482,15,0.08404837741795,1
404,483,15,0.0704459181476959,1
404,484,15,0.0666207776528678,1
404,485,15,0.0678704922291654,1
404,486,15,0.0658499893813726,1
405,472,15,0.10123587982253,1
405,473,15,0.0975092309439883,1
405,474,15,0.100806151234262,1
405,475,15,0.112989108500827,1
405,476,15,0.139612900054863,1
405,477,15,0.170421455148226,1
405,478,15,0.187191324004331,1
405,479,15,0.170319537004762,1
405,480,15,0.132802130246698,1
405,481,15,0.11006453749722,1
405,482,15,0.0930191818674626,1
405,483,15,0.0810683988687314,1
405,484,15,0.08852672219901,1
405,485,15,0.0947318623456548,1
405,486,15,0.0812499927862586,1
405,487,15,0.06683469514344,1
405,488,15,0.0635875616919167,1
406,473,15,0.0880462148825449,1
406,474,15,0.1030502920892,1
406,475,15,0.131399802959058,1
406,476,15,0.159443835925279,1
406,477,15,0.178570061395672,1
406,478,15,0.187868874667879,1
406,479,15,0.172002406696507,1
406,480,15,0.127871790462164,1
406,481,15,0.0940337224617826,1
406,482,15,0.0776187095693839,1
406,483,15,0.079540221850442,1
406,484,15,0.105749517833523,1
406,485,15,0.124051020292351,1
406,486,15,0.108208742400564,1
406,487,15,0.0843275311768286,1
406,488,15,0.0690031277820996,1
406,489,15,0.0634405516530818,1
406,490,15,0.0661299126060035,1
407,474,15,0.105643151216179,1
407,475,15,0.14081671720133,1
407,476,15,0.153178412946107,1
407,477,15,0.150509016022585,1
407,478,15,0.144897182062522,1
407,479,15,0.130676901907736,1
407,480,15,0.098251933715527,1
407,481,15,0.068871591218626,1
407,482,15,0.0563060712098233,1
407,483,15,0.0610054209824077,1
407,484,15,0.0851983139274071,1
407,485,15,0.109583717585293,1
407,486,15,0.117136673180194,1
407,487,15,0.110283318251805,1
407,488,15,0.0955027648347226,1
407,489,15,0.0821917347066758,1
407,490,15,0.073126778908636,1
407,491,15,0.0694983030394667,1
407,492,15,0.0681824204199282,1
408,474,15,0.0987641754828205,1
408,475,15,0.116837699666744,1
408,476,15,0.109545617007655,1
408,477,15,0.1008369238529,1
408,478,15,0.0938156450469874,1
408,479,15,0.0818949193042029,1
408,480,15,0.0645118283237266,1
408,481,15,0.0493599114979728,1
408,484,15,0.0602197603806701,1
408,485,15,0.0888555966706756,1
408,486,15,0.123135103566243,1
408,487,15,0.137726867358724,1
408,488,15,0.131560056224863,1
408,489,15,0.122146845036523,1
408,490,15,0.104284130422906,1
408,491,15,0.0829765657281493,1
408,492,15,0.0681924535319632,1
408,493,15,0.0634529051852758,1
409,473,15,0.070218102181974,1
409,474,15,0.0823899562981926,1
409,475,15,0.0836824423497022,1
409,476,15,0.0710388997159132,1
409,477,15,0.063503587730253,1
409,478,15,0.0588133092375133,1
409,479,15,0.0506876246534519,1
409,485,15,0.0703471560161065,1
409,486,15,0.105840723570967,1
409,490,15,0.135420129262552,1
409,491,15,0.105561058838738,1
409,492,15,0.0782320819800354,1
409,493,15,0.0669062614698489,1
409,494,15,0.0661759783564673,1
410,469,15,0.0700822734423512,1
410,470,15,0.0707707829814182,1
410,471,15,0.0709069603852099,1
410,472,15,0.0678617215218802,1
410,473,15,0.0649295881126775,1
410,474,15,0.065262460199384,1
410,475,15,0.0594238502546547,1
410,476,15,0.0492188888645225,1
410,485,15,0.0488825722162845,1
410,486,15,0.0673170900555785,1
410,487,15,0.0844692090584586,1
410,488,15,0.0949047396589574,1
410,489,15,0.106513080340689,1
410,490,15,0.113910387441396,1
410,491,15,0.101548896085959,1
410,492,15,0.0865805990367828,1
410,493,15,0.0772822005547079,1
411,468,15,0.0603842396966612,1
411,469,15,0.0607184162682758,1
411,470,15,0.0624367956021954,1
411,471,15,0.0659743242263214,1
411,472,15,0.0640983426765712,1
411,473,15,0.058914872705357,1
411,474,15,0.0528678758051497,1
411,487,15,0.0502548723052348,1
411,488,15,0.0592957281954566,1
411,489,15,0.0658516665762544,1
411,490,15,0.0724062343461811,1
411,491,15,0.0762010831384661,1
411,492,15,0.0851385360567804,1
411,493,15,0.0872897218419779,1
412,468,15,0.0549012792271948,1
412,469,15,0.0556168162508089,1
412,470,15,0.058756368771848,1
412,471,15,0.0621886188512954,1
412,472,15,0.0593412048237039,1
412,473,15,0.0532196478943954,1
412,491,15,0.0506732031820487,1
412,492,15,0.0641647271320549,1
412,493,15,0.0774410050607763,1
413,468,15,0.053159304947357,1
413,469,15,0.0538192300360187,1
413,470,15,0.0566954389148071,1
413,471,15,0.0598251927704076,1
413,472,15,0.0566363703954208,1
413,473,15,0.0496248000831792,1
413,492,15,0.050153717616072,1
413,493,15,0.0662073461087732,1
413,494,15,0.0709814242310921,1
414,468,15,0.0528467275198657,1
414,469,15,0.0529854116988034,1
414,470,15,0.0543398337319166,1
414,471,15,0.0560370527576498,1
414,472,15,0.0520777547066296,1
414,493,15,0.0492217082351303,1
414,494,15,0.052771007280685,1
414,495,15,0.0542629051910468,1
414,496,15,0.0611558214797134,1
414,497,15,0.0825008976298916,1
415,468,15,0.0537958154336363,1
415,469,15,0.0550264616867613,1
415,470,15,0.0552289634315249,1
415,471,15,0.0540593273965203,1
415,472,15,0.048033427684262,1
415,496,15,0.0500167136377417,1
415,497,15,0.0639426581136701,1
415,498,15,0.0880360675529373,1
416,467,15,0.0554655981961414,1
416,468,15,0.056933197820796,1
416,469,15,0.0591257604245296,1
416,470,15,0.0570683111977273,1
416,471,15,0.0524361694494396,1
416,497,15,0.0528650804803467,1
416,498,15,0.0698822063353193,1
417,467,15,0.0580171526419991,1
417,468,15,0.0589579327302261,1
417,469,15,0.0607321644571458,1
417,470,15,0.058668162748547,1
417,471,15,0.0547561567840333,1
417,497,15,0.0480854718229336,1
417,498,15,0.0652319100044398,1
418,467,15,0.0660488181294595,1
418,468,15,0.0595190656300424,1
418,469,15,0.0590414498215994,1
418,470,15,0.0622017238148881,1
418,471,15,0.0680321581859999,1
418,472,15,0.0610577206077548,1
418,498,15,0.0621267249498501,1
419,468,15,0.0645529586727639,1
419,469,15,0.0592590763775553,1
419,470,15,0.0713676359242015,1
419,471,15,0.0922733892100126,1
419,472,15,0.0861278946820683,1
419,473,15,0.0564233786683318,1
419,498,15,0.0573781233576715,1
420,469,15,0.0664927517768888,1
420,470,15,0.0834108630193221,1
420,471,15,0.102558254809353,1
420,472,15,0.090138837110256,1
420,473,15,0.0596053900691211,1
420,498,15,0.0492475003664581,1
421,470,15,0.103342280296367,1
421,471,15,0.100615227544489,1
421,472,15,0.0779785009345162,1
421,473,15,0.0596633224242326,1
421,499,15,0.0594363420502261,1
422,471,15,0.0984998279282212,1
422,472,15,0.0707621024459008,1
422,473,15,0.0627922887797274,1
422,474,15,0.0535715883042745,1
422,499,15,0.0499710236029772,1
422,500,15,0.0769033348549519,1
423,472,15,0.0716166061866585,1
423,473,15,0.0675048396991235,1
423,474,15,0.0582093928395825,1
423,500,15,0.0694345816568598,1
423,501,15,0.105585152735104,1
424,472,15,0.0760935442881403,1
424,473,15,0.0703145499048556,1
424,474,15,0.060947386432626,1
424,475,15,0.0497388403179663,1
424,499,15,0.0484246378990353,1
424,500,15,0.0709905315796439,1
424,501,15,0.114282568407429,1
425,473,15,0.0755844044296604,1
425,474,15,0.0627568813322222,1
425,475,15,0.0525708560133364,1
425,499,15,0.0540424833102878,1
425,500,15,0.075196190923305,1
425,501,15,0.121133518755343,1
426,474,15,0.0708388446317837,1
426,475,15,0.0575007810077385,1
426,476,15,0.0513879647284594,1
426,498,15,0.0486963013897321,1
426,499,15,0.061805424906683,1
426,500,15,0.0826486591001252,1
426,501,15,0.121905160652907,1
427,475,15,0.0699890117886001,1
427,476,15,0.0610294607757138,1
427,477,15,0.0520538351423473,1
427,497,15,0.0476465006284612,1
427,498,15,0.0553610410256055,1
427,499,15,0.072119446044292,1
427,500,15,0.100466137543542,1
428,476,15,0.078767437777152,1
428,477,15,0.0613424950734955,1
428,478,15,0.0541619007881638,1
428,479,15,0.0515456571160577,1
428,496,15,0.0491950805120872,1
428,497,15,0.0526059989569892,1
428,498,15,0.0619623598514316,1
429,478,15,0.0628596110215966,1
429,479,15,0.0619737996430448,1
429,480,15,0.0564665709451271,1
429,491,15,0.0483830777312379,1
429,492,15,0.0555062055489253,1
429,493,15,0.060717947375083,1
429,494,15,0.0626608423880216,1
429,495,15,0.0577023990691773,1
429,496,15,0.0553927394077268,1
430,479,15,0.0741195340038458,1
430,481,15,0.0545376525562037,1
430,488,15,0.0472333005252373,1
430,489,15,0.0502197173386796,1
430,490,15,0.0531808559998707,1
430,491,15,0.0594934989281342,1
430,492,15,0.0732076990530954,1
430,493,15,0.0879539090495328,1
431,487,15,0.0501205915142932,1
431,488,15,0.0560500014235116,1
431,489,15,0.0596056245157175,1
401,478,16,0.0722520766918821,1
401,479,16,0.066735662496547,1
401,480,16,0.0633192465795324,1
401,481,16,0.0709735612529365,1
401,482,16,0.0983043355355443,1
402,476,16,0.0797450500268159,1
402,477,16,0.0867073564965609,1
402,478,16,0.0868608047996196,1
402,479,16,0.0795422897896512,1
402,480,16,0.0695512639244446,1
402,481,16,0.0655195278865931,1
402,482,16,0.0670454806679424,1
402,483,16,0.0721065755272956,1
403,475,16,0.0831584481953335,1
403,476,16,0.0979714093457771,1
403,477,16,0.121434199520931,1
403,478,16,0.127945202304088,1
403,479,16,0.116140467512002,1
403,480,16,0.087768071047466,1
403,481,16,0.07257848646856,1
403,482,16,0.0667414034324328,1
403,483,16,0.0590320178546833,1
403,484,16,0.0595005142916721,1
404,474,16,0.0905768073981054,1
404,475,16,0.0982532502233374,1
404,476,16,0.125629447031132,1
404,477,16,0.160400834908814,1
404,478,16,0.173955671462747,1
404,479,16,0.159901030834032,1
404,480,16,0.111214816659395,1
404,481,16,0.0870773913745198,1
404,482,16,0.0813113276227432,1
404,483,16,0.0685583645544062,1
404,484,16,0.0641754816182326,1
404,485,16,0.0653049250905854,1
404,486,16,0.0632543409410412,1
404,487,16,0.0655644634842333,1
405,473,16,0.0919306102517461,1
405,474,16,0.098321756721091,1
405,475,16,0.121869103968674,1
405,476,16,0.161085984046667,1
405,477,16,0.195924844452498,1
405,478,16,0.206967627806338,1
405,479,16,0.193003231082877,1
405,480,16,0.132629517437248,1
405,481,16,0.0934897763009165,1
405,482,16,0.0817309088814046,1
405,483,16,0.0749571575896639,1
405,484,16,0.0826500838140571,1
405,485,16,0.0907630541788531,1
405,486,16,0.0788283217547974,1
405,487,16,0.064663587409001,1
405,488,16,0.0606981997579261,1
405,489,16,0.0655025034568249,1
406,472,16,0.0883981853496799,1
406,473,16,0.0843469541756213,1
406,474,16,0.101831879139245,1
406,475,16,0.145372134798088,1
406,476,16,0.191739455722247,1
406,477,16,0.213076993512634,1
406,478,16,0.212603435433744,1
406,479,16,0.201722732826871,1
406,480,16,0.141529579129165,1
406,481,16,0.0877924174247828,1
406,482,16,0.0674488911229045,1
406,483,16,0.0687873347187564,1
406,484,16,0.0913456118907082,1
406,485,16,0.114066180210418,1
406,486,16,0.105254342576156,1
406,487,16,0.0808432219300817,1
406,488,16,0.0635937655095441,1
406,489,16,0.0590974344665255,1
406,490,16,0.0634621928773633,1
406,491,16,0.0709612017092912,1
407,473,16,0.0763575732358266,1
407,474,16,0.105109093892519,1
407,475,16,0.158714646896014,1
407,476,16,0.186247526167607,1
407,477,16,0.181072676617398,1
407,478,16,0.167350853972328,1
407,479,16,0.15294859516714,1
407,480,16,0.110779731868117,1
407,481,16,0.0690070712940798,1
407,482,16,0.0513357312290753,1
407,483,16,0.05277224563963,1
407,484,16,0.0711761471580167,1
407,485,16,0.097517286288582,1
407,486,16,0.112074730706223,1
407,487,16,0.100026039201972,1
407,488,16,0.0821443464369504,1
407,489,16,0.073731627081501,1
407,490,16,0.0678223585394924,1
407,491,16,0.0638609083889465,1
407,492,16,0.0629978202958904,1
408,473,16,0.0720908976625939,1
408,474,16,0.0990564161709384,1
408,475,16,0.134354599539244,1
408,476,16,0.131765022664614,1
408,477,16,0.113886029041176,1
408,478,16,0.10069555255528,1
408,479,16,0.0861059649081296,1
408,480,16,0.0657775874632484,1
408,481,16,0.0479223631178137,1
408,484,16,0.0512609066961218,1
408,485,16,0.078263852499571,1
408,486,16,0.113601182438021,1
408,487,16,0.117249856783187,1
408,488,16,0.105824216126002,1
408,489,16,0.103044977966348,1
408,490,16,0.0911003506936349,1
408,491,16,0.0731226430302177,1
408,492,16,0.0621464605441046,1
408,493,16,0.0604115917995726,1
408,494,16,0.061318377131324,1
409,472,16,0.0705491888676773,1
409,473,16,0.0684292325714083,1
409,474,16,0.0825574112825224,1
409,475,16,0.0931233062135129,1
409,476,16,0.0806659622688621,1
409,477,16,0.065223247503276,1
409,478,16,0.056276879602848,1
409,485,16,0.0596073317678553,1
409,486,16,0.0890388737945357,1
409,487,16,0.0997750671262686,1
409,488,16,0.0993131351939785,1
409,489,16,0.106190590030186,1
409,490,16,0.102856843589927,1
409,491,16,0.0846141571695356,1
409,492,16,0.0696764764412671,1
409,493,16,0.0646013087746796,1
409,494,16,0.0646235691784337,1
410,469,16,0.062635293720467,1
410,470,16,0.0672500202946592,1
410,471,16,0.0690343692939305,1
410,472,16,0.0650710495820647,1
410,473,16,0.0626731718744109,1
410,474,16,0.0650239137932892,1
410,475,16,0.061519718666008,1
410,476,16,0.0510140284186786,1
410,486,16,0.0530184386116376,1
410,487,16,0.0622694969155965,1
410,488,16,0.0675377704287386,1
410,489,16,0.0741986927931068,1
410,490,16,0.0789091517274891,1
410,491,16,0.0751454843325231,1
410,492,16,0.0734928883089682,1
410,493,16,0.0739205429465768,1
411,469,16,0.0542479907806461,1
411,470,16,0.0551541869901808,1
411,471,16,0.0581128128647749,1
411,472,16,0.0581143337619258,1
411,473,16,0.0564608480435949,1
411,474,16,0.0531763894916371,1
411,490,16,0.0508109135058937,1
411,491,16,0.0556588964091342,1
411,492,16,0.0684847723689465,1
411,493,16,0.07748868789161,1
412,468,16,0.0515036551065979,1
412,469,16,0.0503499644458731,1
412,470,16,0.0503628139227903,1
412,471,16,0.0531876729855194,1
412,472,16,0.0533782961027329,1
412,473,16,0.0507211324823812,1
412,492,16,0.0514648992807804,1
412,493,16,0.0638746806236212,1
413,468,16,0.0505805426734164,1
413,469,16,0.0496249052835751,1
413,470,16,0.0497360299645353,1
413,471,16,0.0524486251763038,1
413,472,16,0.0516220746835764,1
413,493,16,0.0494167317346143,1
413,494,16,0.0552415814675713,1
414,468,16,0.0507395455573741,1
414,469,16,0.0502865316129233,1
414,470,16,0.0504776386519576,1
414,471,16,0.0523857213510587,1
414,472,16,0.049595325937998,1
414,496,16,0.0501134378873779,1
414,497,16,0.0681881553443629,1
414,498,16,0.100858288550427,1
415,468,16,0.0512018982912474,1
415,469,16,0.0527402767422051,1
415,470,16,0.0533577970541773,1
415,471,16,0.0529941824060886,1
415,497,16,0.0535850780007433,1
415,498,16,0.070438620245952,1
415,499,16,0.0946402177722735,1
416,468,16,0.0545650106705663,1
416,469,16,0.0585465029993775,1
416,470,16,0.057860800808016,1
416,471,16,0.0530822381431099,1
416,498,16,0.0612914097612886,1
417,467,16,0.0562516795994623,1
417,468,16,0.0581745023768797,1
417,469,16,0.0630227738297773,1
417,470,16,0.061719407051615,1
417,471,16,0.0565260903233526,1
417,498,16,0.0604332811154637,1
418,467,16,0.0650022365003005,1
418,468,16,0.0606714668344871,1
418,469,16,0.0625842985800279,1
418,470,16,0.0657131747637548,1
418,471,16,0.0735372347843919,1
418,472,16,0.0663048698814176,1
418,498,16,0.056845911549527,1
419,468,16,0.0646745943761287,1
419,469,16,0.0612563209206965,1
419,470,16,0.074944713885702,1
419,471,16,0.104701589639298,1
419,472,16,0.0976958744805144,1
419,473,16,0.0591454599500771,1
419,498,16,0.0514775834427898,1
420,469,16,0.0666849318599603,1
420,470,16,0.0856375586429086,1
420,471,16,0.110689848649934,1
420,472,16,0.0964176355683236,1
420,473,16,0.0623595725002174,1
420,499,16,0.0629981328913522,1
421,470,16,0.10389884449328,1
421,471,16,0.0985599364286632,1
421,472,16,0.0785934002537698,1
421,473,16,0.0671519554914078,1
421,474,16,0.0520325365707835,1
421,499,16,0.0543331069180357,1
422,471,16,0.0926109923088051,1
422,472,16,0.070784398918362,1
422,473,16,0.0724320895977464,1
422,474,16,0.0619345087980714,1
422,500,16,0.0720738972786305,1
423,472,16,0.0689717900870497,1
423,473,16,0.070402581596072,1
423,474,16,0.0605347423886371,1
423,500,16,0.0637410761209385,1
423,501,16,0.10277957239634,1
424,472,16,0.0729703188685314,1
424,473,16,0.070310245705804,1
424,474,16,0.060036675623248,1
424,475,16,0.0484955730230694,1
424,500,16,0.0647609128037562,1
425,473,16,0.0770519439398031,1
425,474,16,0.0634416216913934,1
425,475,16,0.0524795180239658,1
425,499,16,0.0509943829961919,1
425,500,16,0.0705413499353264,1
426,474,16,0.070525617967564,1
426,475,16,0.0584645609082158,1
426,476,16,0.0522358558729089,1
426,499,16,0.0589376801511692,1
426,500,16,0.0792788439527302,1
426,501,16,0.11925165800633,1
427,475,16,0.0719641642486205,1
427,476,16,0.0629922176233819,1
427,477,16,0.0530389256372908,1
427,498,16,0.0527579383857994,1
427,499,16,0.0702184027545335,1
427,500,16,0.0964274522681157,1
427,501,16,0.131361125282105,1
428,476,16,0.0808886925468778,1
428,477,16,0.0617988964706914,1
428,478,16,0.0543580664633738,1
428,479,16,0.0521244396365659,1
428,497,16,0.0496105649667629,1
428,498,16,0.0618288815892238,1
428,499,16,0.084811573226593,1
428,500,16,0.116614638758913,1
429,478,16,0.0628020032848493,1
429,479,16,0.0610072123948621,1
429,480,16,0.0561915410417643,1
429,492,16,0.0490710312110698,1
429,493,16,0.0520818905850479,1
429,494,16,0.0528977346832071,1
429,495,16,0.0509161078902557,1
429,496,16,0.0509957956872214,1
429,497,16,0.0566136891900834,1
430,480,16,0.0637809801339332,1
430,481,16,0.0541936111931875,1
430,489,16,0.0483000746189413,1
430,490,16,0.0491097930483386,1
430,491,16,0.0541833195887513,1
430,492,16,0.0642011745606158,1
430,493,16,0.0711549567925743,1
430,494,16,0.0692102102526695,1
430,495,16,0.0608939205857481,1
431,484,16,0.0486896437075399,1
431,485,16,0.0476097766731456,1
431,486,16,0.0480632204363563,1
431,487,16,0.0516296551235262,1
431,488,16,0.0572732115115154,1
431,489,16,0.0592097283747421,1
431,490,16,0.0561917334082023,1
431,491,16,0.0587663658151759,1
431,492,16,0.0704186622280035,1
431,493,16,0.0818416578466655,1
401,478,17,0.0736361652366146,1
401,479,17,0.0663815579642398,1
401,480,17,0.0617825212776517,1
401,481,17,0.0682002083039975,1
401,482,17,0.0973580910381863,1
402,476,17,0.0791435622551656,1
402,477,17,0.0893157311790601,1
402,478,17,0.0893535191612362,1
402,479,17,0.0800635607566311,1
402,480,17,0.0686317944306838,1
402,481,17,0.0638668837714287,1
402,482,17,0.064052835991068,1
402,483,17,0.0681683536241452,1
403,475,17,0.0852661771998833,1
403,476,17,0.105459357107517,1
403,477,17,0.136884578886783,1
403,478,17,0.14142184190095,1
403,479,17,0.123909775235206,1
403,480,17,0.0892378888976095,1
403,481,17,0.071169360229624,1
403,482,17,0.064147137625875,1
403,483,17,0.0554576991492787,1
403,484,17,0.0559361024578275,1
404,474,17,0.0915604791905682,1
404,475,17,0.106090463299177,1
404,476,17,0.143036649942329,1
404,477,17,0.186720519170085,1
404,478,17,0.196049990843358,1
404,479,17,0.178094555606597,1
404,480,17,0.119097416191714,1
404,481,17,0.0857521910056379,1
404,482,17,0.0783275738821779,1
404,483,17,0.0647767289318353,1
404,484,17,0.0592111891573811,1
404,485,17,0.0595706679270516,1
404,486,17,0.0589399765255236,1
405,473,17,0.0889170397132817,1
405,474,17,0.100593562274402,1
405,475,17,0.134882416976569,1
405,476,17,0.186427448901703,1
405,477,17,0.227665919900154,1
405,478,17,0.228286181433869,1
405,479,17,0.213074540840549,1
405,480,17,0.145638586360604,1
405,481,17,0.092162333660741,1
405,482,17,0.0766775687940856,1
405,483,17,0.0685820616949945,1
405,484,17,0.0716986444610393,1
405,485,17,0.0775073294017481,1
405,486,17,0.0705583623421922,1
405,487,17,0.060560363193606,1
405,488,17,0.0579384266772237,1
405,489,17,0.062408680044983,1
406,472,17,0.0837571767108879,1
406,473,17,0.0819426622495485,1
406,474,17,0.102395392573732,1
406,475,17,0.156096515628234,1
406,476,17,0.218964224074583,1
406,477,17,0.247813274515371,1
406,478,17,0.235278869777924,1
406,479,17,0.223334597180831,1
406,480,17,0.160356999406742,1
406,481,17,0.0898076782871385,1
406,482,17,0.0623382979744584,1
406,483,17,0.0602863973171038,1
406,484,17,0.0747273277877937,1
406,485,17,0.0952646392302111,1
406,486,17,0.0964301153409926,1
406,487,17,0.0760124738574011,1
406,488,17,0.0591775130078185,1
406,489,17,0.0560370828149058,1
406,490,17,0.0617577601102029,1
406,491,17,0.0694473078990276,1
407,472,17,0.075875016014506,1
407,473,17,0.0742599915608844,1
407,474,17,0.102139304753067,1
407,475,17,0.166305246198262,1
407,476,17,0.211472561236008,1
407,477,17,0.209026261289024,1
407,478,17,0.186396886683857,1
407,479,17,0.168373113269976,1
407,480,17,0.122817698943447,1
407,481,17,0.0705785367723836,1
407,482,17,0.0482892329667214,1
407,484,17,0.060738205965591,1
407,485,17,0.0877192280065528,1
407,486,17,0.109786447765202,1
407,487,17,0.0945646898995309,1
407,488,17,0.0733731522241792,1
407,489,17,0.0661119022982403,1
407,490,17,0.0631613377796912,1
407,491,17,0.0618276672760835,1
407,492,17,0.0619307576525293,1
407,493,17,0.0657297723804885,1
408,472,17,0.0717401595429527,1
408,473,17,0.068859748659783,1
408,474,17,0.0951377074383485,1
408,475,17,0.143640031321103,1
408,476,17,0.153144869048471,1
408,477,17,0.127549817136464,1
408,478,17,0.106340491577043,1
408,479,17,0.0887327045740122,1
408,480,17,0.0669229552698016,1
408,485,17,0.0714537679968421,1
408,486,17,0.10538992484628,1
408,487,17,0.103191356802808,1
408,488,17,0.08796718834521,1
408,489,17,0.0828249749635081,1
408,490,17,0.0764713579839382,1
408,491,17,0.0678842524409377,1
408,492,17,0.0614593095930065,1
408,493,17,0.0611242072579088,1
408,494,17,0.0619489963954377,1
409,470,17,0.0748480737963824,1
409,471,17,0.0759888127855199,1
409,472,17,0.0690603387630684,1
409,473,17,0.0654781570795081,1
409,474,17,0.0806880964321412,1
409,475,17,0.101521447799828,1
409,476,17,0.0950822938812853,1
409,477,17,0.0724760633631963,1
409,478,17,0.0579938462457381,1
409,479,17,0.0476496145601772,1
409,485,17,0.05189938292694,1
409,486,17,0.074691301160816,1
409,487,17,0.081216857667303,1
409,488,17,0.0775573146183873,1
409,489,17,0.0769513362926986,1
409,490,17,0.0764326322153765,1
409,491,17,0.072033271891493,1
409,492,17,0.0670141730301484,1
409,493,17,0.0648659027987778,1
409,494,17,0.0648709403948744,1
410,469,17,0.0578241489901147,1
410,470,17,0.0629298127485855,1
410,471,17,0.0647712104196435,1
410,472,17,0.0614804218095834,1
410,473,17,0.0609248014105077,1
410,474,17,0.0660229929351502,1
410,475,17,0.0665136956728324,1
410,476,17,0.0572001783910163,1
410,487,17,0.0514834686535042,1
410,488,17,0.0540937489660304,1
410,489,17,0.0552196877623397,1
410,490,17,0.0575054879740198,1
410,491,17,0.059477424307654,1
410,492,17,0.0645350385367685,1
410,493,17,0.0691049016507349,1
411,469,17,0.051177563936833,1
411,470,17,0.0522066642659335,1
411,471,17,0.0543893019637535,1
411,472,17,0.0549809189325509,1
411,473,17,0.0565229162771246,1
411,474,17,0.0560179964573797,1
411,475,17,0.0485041393410141,1
411,492,17,0.0548009420953937,1
411,493,17,0.0651043830789095,1
412,469,17,0.0483245021508491,1
412,470,17,0.047687946578686,1
412,471,17,0.0500439665517085,1
412,472,17,0.0515773434752767,1
412,473,17,0.0517910866337643,1
412,474,17,0.0479261773835933,1
412,493,17,0.0514903697994695,1
413,469,17,0.0486455978046757,1
413,470,17,0.0475235754688162,1
413,471,17,0.0501258635569862,1
413,472,17,0.0511435271001991,1
413,473,17,0.048139890484825,1
414,468,17,0.0499844020875991,1
414,469,17,0.0498771457754791,1
414,470,17,0.0493593644559146,1
414,471,17,0.0517877562898054,1
414,472,17,0.0508290861228391,1
414,497,17,0.0626328650941865,1
414,498,17,0.0873614985691784,1
415,468,17,0.0502126538835321,1
415,469,17,0.0526552387536809,1
415,470,17,0.0537967351856682,1
415,471,17,0.0541990154878067,1
415,472,17,0.0490885756313659,1
415,497,17,0.0500557820590211,1
415,498,17,0.0625627896076725,1
415,499,17,0.0823717836812473,1
416,468,17,0.0535601545241124,1
416,469,17,0.0596248311022674,1
416,470,17,0.0609802390133756,1
416,471,17,0.0563711091002406,1
416,498,17,0.057971934506153,1
417,467,17,0.0553755767145813,1
417,468,17,0.0577708634867725,1
417,469,17,0.0655095609005212,1
417,470,17,0.0666355898685983,1
417,471,17,0.0608784952019963,1
417,472,17,0.0495987434479991,1
417,498,17,0.057956436984987,1
418,467,17,0.0635033773294614,1
418,468,17,0.0614132919341522,1
418,469,17,0.0655497354288194,1
418,470,17,0.0699425312480042,1
418,471,17,0.0793080115139008,1
418,472,17,0.071200667867418,1
418,473,17,0.04844702754899,1
418,498,17,0.0531486466443983,1
419,468,17,0.0661997656688235,1
419,469,17,0.0651313444374936,1
419,470,17,0.0795573063947221,1
419,471,17,0.113512357235248,1
419,472,17,0.103359978008669,1
419,473,17,0.0602627422566738,1
419,498,17,0.0472861682327218,1
420,469,17,0.0732533680477808,1
420,470,17,0.0903899354264341,1
420,471,17,0.114657622847131,1
420,472,17,0.0970595263034173,1
420,473,17,0.0641806634891578,1
420,499,17,0.0584854507010987,1
421,470,17,0.104044201383038,1
421,471,17,0.0950145448263816,1
421,472,17,0.077725749469261,1
421,473,17,0.0734433238939122,1
421,474,17,0.0572567521581591,1
421,499,17,0.0522230574933268,1
422,471,17,0.0844724372077473,1
422,472,17,0.0690123132795169,1
422,473,17,0.0771964171462362,1
422,474,17,0.0659793858682228,1
422,500,17,0.0690119706267991,1
423,472,17,0.0652015100957754,1
423,473,17,0.0686018093121515,1
423,474,17,0.0597358145141247,1
423,500,17,0.0614308874517834,1
423,501,17,0.101967184882614,1
424,473,17,0.0682391745306067,1
424,474,17,0.058141012582304,1
424,475,17,0.0477989149619153,1
424,500,17,0.0616939966474377,1
425,474,17,0.0631178990333971,1
425,475,17,0.0528978428893285,1
425,499,17,0.0499192409624324,1
425,500,17,0.0681831958971317,1
426,475,17,0.0611099961872972,1
426,476,17,0.0538991823368367,1
426,499,17,0.0579605488176005,1
426,500,17,0.0770369273347322,1
426,501,17,0.113706178444494,1
427,476,17,0.0638348788052967,1
427,477,17,0.0537653914791671,1
427,478,17,0.0479041424092588,1
427,498,17,0.0520091640485594,1
427,499,17,0.0690884783660856,1
427,500,17,0.0909523728111585,1
427,501,17,0.117911056299501,1
428,477,17,0.0618602793987856,1
428,478,17,0.0542324752251264,1
428,479,17,0.0518921932313176,1
428,497,17,0.0492779213152016,1
428,498,17,0.0636482833603801,1
428,499,17,0.0856453735294548,1
428,500,17,0.10872827605815,1
429,478,17,0.0661898587972635,1
429,479,17,0.0601757144778059,1
429,480,17,0.0558084372689198,1
429,481,17,0.047552349279934,1
429,493,17,0.0479256153129071,1
429,494,17,0.048873491919263,1
429,495,17,0.0487250000577099,1
429,496,17,0.0496266876788527,1
429,497,17,0.0568635852160237,1
429,498,17,0.0767704457149606,1
429,499,17,0.101735888286654,1
430,480,17,0.061783164502929,1
430,481,17,0.0538990080047522,1
430,489,17,0.0483692664221304,1
430,490,17,0.0476775738196588,1
430,491,17,0.0508618425203697,1
430,492,17,0.0575899909433881,1
430,493,17,0.0606888519513267,1
430,494,17,0.0585711920294121,1
430,495,17,0.0557866036782002,1
430,496,17,0.0577354319934626,1
431,483,17,0.0495967927320882,1
431,484,17,0.0487066741487593,1
431,485,17,0.0488371316567444,1
431,486,17,0.0500979433719374,1
431,487,17,0.0533129456168538,1
431,488,17,0.057647616714489,1
431,489,17,0.0581323019895306,1
431,490,17,0.0542232777048068,1
431,491,17,0.055469205066855,1
431,492,17,0.06359516016622,1
431,493,17,0.0708182974916186,1
431,494,17,0.0725877501148428,1
432,488,17,0.0711626694844503,1
432,489,17,0.071537273065313,1
401,479,18,0.0665532810789141,1
401,480,18,0.0623519139114022,1
401,481,18,0.0683312519284735,1
402,477,18,0.0906227469080942,1
402,478,18,0.0888812294985469,1
402,479,18,0.0783826928781328,1
402,480,18,0.0676031209146178,1
402,481,18,0.0631556629697685,1
402,482,18,0.0632270008610322,1
403,475,18,0.0918891913530517,1
403,476,18,0.115566205602788,1
403,477,18,0.150227463694682,1
403,478,18,0.148006304617641,1
403,479,18,0.123105731615732,1
403,480,18,0.0893496057065119,1
403,481,18,0.0694082755464553,1
403,482,18,0.0617621003779616,1
403,483,18,0.0541466858052036,1
403,484,18,0.0538299484534893,1
403,485,18,0.0612191400950906,1
404,474,18,0.0974426601335177,1
404,475,18,0.117052921642225,1
404,476,18,0.16441510166951,1
404,477,18,0.216166206141414,1
404,478,18,0.2165613989426,1
404,479,18,0.185265880234195,1
404,480,18,0.125582653895074,1
404,481,18,0.0846711036466521,1
404,482,18,0.0728828883224339,1
404,483,18,0.0611751663296407,1
404,484,18,0.0548081979169793,1
404,485,18,0.0546939983787357,1
404,486,18,0.0548437436278617,1
405,473,18,0.0874756079356542,1
405,474,18,0.103274976088852,1
405,475,18,0.145494419738182,1
405,476,18,0.2094032033244,1
405,477,18,0.260750927398598,1
405,478,18,0.255266247654091,1
405,479,18,0.224637326745168,1
405,480,18,0.154807588355829,1
405,481,18,0.0916399926554494,1
405,482,18,0.070576168260615,1
405,483,18,0.0615118015847917,1
405,484,18,0.0597124840720589,1
405,485,18,0.0633698930558024,1
405,486,18,0.0612363809371016,1
405,487,18,0.0565433071195588,1
405,488,18,0.0552241242133175,1
405,489,18,0.059184702703441,1
406,472,18,0.0726516879096924,1
406,473,18,0.0767406529628663,1
406,474,18,0.100615468002536,1
406,475,18,0.161668914468495,1
406,476,18,0.236804239448509,1
406,477,18,0.275745169871107,1
406,478,18,0.260321589554656,1
406,479,18,0.235139259835504,1
406,480,18,0.167786888572895,1
406,481,18,0.088447533352493,1
406,482,18,0.057259926204387,1
406,483,18,0.0522764872714975,1
406,484,18,0.0582135407409032,1
406,485,18,0.0745194097255085,1
406,486,18,0.0832680249276125,1
406,487,18,0.0697166389466629,1
406,488,18,0.0550492991898295,1
406,489,18,0.052925609782372,1
406,490,18,0.0589157503772306,1
406,491,18,0.0668482690002255,1
407,472,18,0.0653473178443725,1
407,473,18,0.0672687219193092,1
407,474,18,0.095935463079879,1
407,475,18,0.166502938782074,1
407,476,18,0.225915962413137,1
407,477,18,0.226349965143201,1
407,478,18,0.199496752565976,1
407,479,18,0.173370312414637,1
407,480,18,0.123407025549341,1
407,481,18,0.0667484428417755,1
407,484,18,0.0492809931667594,1
407,485,18,0.0744720875817461,1
407,486,18,0.100332406800384,1
407,487,18,0.0873613422714475,1
407,488,18,0.064720389611289,1
407,489,18,0.0577493004113564,1
407,490,18,0.0578431872560313,1
407,491,18,0.0591818051839677,1
407,492,18,0.0598510961135824,1
407,493,18,0.0636457645623317,1
407,494,18,0.068436776942651,1
408,471,18,0.064040831123043,1
408,472,18,0.0630240602803318,1
408,473,18,0.0623158031241079,1
408,474,18,0.0885291989169,1
408,475,18,0.145821274362248,1
408,476,18,0.170145000530931,1
408,477,18,0.137384647465418,1
408,478,18,0.108307378291678,1
408,479,18,0.0868647783688557,1
408,480,18,0.063450879326225,1
408,485,18,0.0607318458502327,1
408,486,18,0.0888121759587351,1
408,487,18,0.0865745394939839,1
408,488,18,0.0705142142446578,1
408,489,18,0.063483521506183,1
408,490,18,0.0617519891170611,1
408,491,18,0.0607140279089076,1
408,492,18,0.05834054467018,1
408,493,18,0.0596614588743639,1
408,494,18,0.061431446516744,1
408,495,18,0.0690492296012705,1
409,470,18,0.0617055686909772,1
409,471,18,0.0636965793592351,1
409,472,18,0.0606859303860487,1
409,473,18,0.0593078532925055,1
409,474,18,0.0753779170927583,1
409,475,18,0.102469994682992,1
409,476,18,0.104441630444066,1
409,477,18,0.0752646673638026,1
409,478,18,0.0561980634663047,1
409,486,18,0.0581623472225749,1
409,487,18,0.0632713773937118,1
409,488,18,0.0592438974633023,1
409,489,18,0.0559065381408784,1
409,490,18,0.0563051574692425,1
409,491,18,0.0590836862776556,1
409,492,18,0.0607118457521258,1
409,493,18,0.0621696767685978,1
409,494,18,0.0627320420159079,1
410,470,18,0.0549045374337394,1
410,471,18,0.0564735502399579,1
410,472,18,0.0546769799604187,1
410,473,18,0.0560307587682546,1
410,474,18,0.0631833937941048,1
410,475,18,0.0662757744576613,1
410,476,18,0.0592783490900683,1
410,491,18,0.0472553505281998,1
410,492,18,0.0553008122961397,1
410,493,18,0.062824221608445,1
411,469,18,0.0475249671197666,1
411,470,18,0.0477167053611757,1
411,471,18,0.0489596871121412,1
411,472,18,0.0498867610916565,1
411,473,18,0.0534305175792146,1
411,474,18,0.0549997287633223,1
411,475,18,0.0484621493544567,1
411,493,18,0.0553718075346856,1
412,472,18,0.0476894193842273,1
412,473,18,0.0497280798203374,1
412,494,18,0.0546005143012905,1
413,472,18,0.0483747578827919,1
414,468,18,0.0490955459090199,1
414,469,18,0.0485659911623011,1
414,470,18,0.0473929496401978,1
414,471,18,0.0491729643831616,1
414,472,18,0.0490496424677382,1
414,497,18,0.0558564627524713,1
414,498,18,0.0749627662736236,1
415,468,18,0.0498061415197564,1
415,469,18,0.0522453479543368,1
415,470,18,0.0532864832087184,1
415,471,18,0.0531156918689785,1
415,472,18,0.048285045990968,1
415,498,18,0.0549087394381207,1
415,499,18,0.0725223755831589,1
416,468,18,0.0537387367045936,1
416,469,18,0.0608901634287548,1
416,470,18,0.062988538615254,1
416,471,18,0.0574409309996976,1
416,498,18,0.051941643428801,1
416,499,18,0.0684343362934681,1
417,467,18,0.0559382184886461,1
417,468,18,0.0585670381166402,1
417,469,18,0.0677090006044153,1
417,470,18,0.070371718805666,1
417,471,18,0.0630680941602936,1
417,472,18,0.0492598508929265,1
417,498,18,0.0518572065853957,1
418,467,18,0.063295771862638,1
418,468,18,0.063588271043157,1
418,469,18,0.0694707766044707,1
418,470,18,0.0751883219336982,1
418,471,18,0.0818357546015976,1
418,472,18,0.0699685728545563,1
419,468,18,0.0692429786731025,1
419,469,18,0.0724276291009639,1
419,470,18,0.0874547061198689,1
419,471,18,0.116691609379941,1
419,472,18,0.101021787999874,1
419,473,18,0.0567552107739825,1
419,499,18,0.055706422942237,1
420,469,18,0.0857424524547112,1
420,470,18,0.0999417225875902,1
420,471,18,0.117824755906227,1
420,472,18,0.097441716335681,1
420,473,18,0.064919633149508,1
420,499,18,0.0509856002660043,1
421,470,18,0.105251913949875,1
421,471,18,0.0925751159681072,1
421,472,18,0.079459283671629,1
421,473,18,0.0789661583191174,1
421,474,18,0.0595071328994316,1
421,499,18,0.0472320080632316,1
421,500,18,0.0687171149574139,1
422,471,18,0.0760517286336674,1
422,472,18,0.068658088518186,1
422,473,18,0.0807544688647225,1
422,474,18,0.0672549556960857,1
422,500,18,0.061725472605865,1
422,501,18,0.0925924950734955,1
423,472,18,0.0640325413318529,1
423,473,18,0.0685648809674955,1
423,474,18,0.0601815936770691,1
423,500,18,0.0555381984921549,1
423,501,18,0.0911886048085454,1
424,473,18,0.0679499455795347,1
424,474,18,0.0594454313644244,1
424,475,18,0.049943343875976,1
424,500,18,0.0557124524277799,1
424,501,18,0.101956003583402,1
425,474,18,0.0652774647815525,1
425,475,18,0.0562981661515093,1
425,476,18,0.0479349330622506,1
425,500,18,0.0620032136737142,1
425,501,18,0.106291137562779,1
426,475,18,0.0649294258034954,1
426,476,18,0.0566111223004256,1
426,477,18,0.048658498378928,1
426,499,18,0.0547730309275217,1
426,500,18,0.0709127554241565,1
426,501,18,0.101640606785303,1
427,476,18,0.0659847841513908,1
427,477,18,0.0561939396107888,1
427,478,18,0.0494757341280376,1
427,498,18,0.0507241682652318,1
427,499,18,0.0655257196813181,1
427,500,18,0.0819394641575158,1
427,501,18,0.101909907775682,1
427,502,18,0.117532779721961,1
428,477,18,0.0692224916474493,1
428,478,18,0.059605197702683,1
428,479,18,0.0530670231601497,1
428,497,18,0.0478023535119956,1
428,498,18,0.0632722851228414,1
428,499,18,0.0836791480744504,1
428,500,18,0.100079547129008,1
428,501,18,0.112351594102199,1
429,478,18,0.0792410078789446,1
429,479,18,0.0624060951209716,1
429,480,18,0.0547710952402388,1
429,496,18,0.0472000121142764,1
429,497,18,0.0557167806726362,1
429,498,18,0.0781706329259782,1
429,499,18,0.104919793294568,1
430,479,18,0.0744087749778202,1
430,480,18,0.0605718270310241,1
430,481,18,0.0526868589869368,1
430,489,18,0.0472151158853896,1
430,491,18,0.0484450557929999,1
430,492,18,0.0523817477818226,1
430,493,18,0.0541222793133749,1
430,494,18,0.0537227702902348,1
430,495,18,0.05281682656165,1
430,496,18,0.0556512558546725,1
430,497,18,0.0678956080722344,1
430,498,18,0.0976714379314298,1
431,482,18,0.0515822548308984,1
431,483,18,0.0490397957106901,1
431,484,18,0.0478439437370489,1
431,485,18,0.0485212659654525,1
431,486,18,0.0501961614671942,1
431,487,18,0.0528797724670534,1
431,488,18,0.0564112776170877,1
431,489,18,0.057640727591426,1
431,490,18,0.0548533619497647,1
431,491,18,0.055354548658321,1
431,492,18,0.060161238903342,1
431,493,18,0.0659496171619333,1
431,494,18,0.0699895588306583,1
431,495,18,0.0727807537667272,1
432,487,18,0.064816663002086,1
432,488,18,0.0701803622914074,1
432,489,18,0.0704802014538286,1
432,490,18,0.0658022945276365,1
432,491,18,0.065981008960044,1
432,493,18,0.0848220271402113,1
432,494,18,0.103778182645008,1
433,488,18,0.0999006162843576,1
401,480,19,0.0673953471271611,1
402,477,19,0.0952507407550613,1
402,478,19,0.0911833447887547,1
402,479,19,0.0791449809576463,1
402,480,19,0.068489485346679,1
402,481,19,0.0637831442563614,1
402,482,19,0.0639902147040288,1
403,476,19,0.134274370711671,1
403,477,19,0.161942170993757,1
403,478,19,0.150310241377559,1
403,479,19,0.120272847265665,1
403,480,19,0.0903704523131295,1
403,481,19,0.0687233969239068,1
403,482,19,0.059403982408474,1
403,483,19,0.0546843740453816,1
403,484,19,0.0555512012610774,1
403,485,19,0.062175778391555,1
404,475,19,0.145607435020541,1
404,476,19,0.19595361525789,1
404,477,19,0.244614100421436,1
404,478,19,0.231867563594421,1
404,479,19,0.188181037305239,1
404,480,19,0.133737427891441,1
404,481,19,0.0870667090257563,1
404,482,19,0.0671345162715075,1
404,483,19,0.057782309289837,1
404,484,19,0.0539266666916743,1
404,485,19,0.0536830646551293,1
404,486,19,0.0539784733780239,1
404,487,19,0.0574972883545975,1
405,474,19,0.117784623458087,1
405,475,19,0.161255939794691,1
405,476,19,0.231770250222568,1
405,477,19,0.28723124965855,2
405,478,19,0.283066203679124,2
405,479,19,0.241042360628592,1
405,480,19,0.168043156737096,1
405,481,19,0.0981114160439765,1
405,482,19,0.0681384586773807,1
405,483,19,0.0584720752222025,1
405,484,19,0.0566527335655581,1
405,485,19,0.0587140902356335,1
405,486,19,0.0585529532865036,1
405,487,19,0.0572006172269532,1
405,488,19,0.0573634614282208,1
405,489,19,0.0598842793241475,1
405,491,19,0.0850531313697337,1
406,473,19,0.0741681065294555,1
406,474,19,0.100443468361107,1
406,475,19,0.165362818972409,1
406,476,19,0.244241005714822,1
406,477,19,0.283877461040025,1
406,478,19,0.27624715009122,1
406,479,19,0.243072764336494,1
406,480,19,0.168008759213391,1
406,481,19,0.0895195374087317,1
406,482,19,0.0568483942788682,1
406,483,19,0.0510395891091356,1
406,484,19,0.0541328053644074,1
406,485,19,0.0658894184897234,1
406,486,19,0.0770703810606008,1
406,487,19,0.0701028626626747,1
406,488,19,0.0580559265021703,1
406,489,19,0.0548612489737251,1
406,490,19,0.0582832074487363,1
406,491,19,0.0656764327740856,1
406,492,19,0.0728327828767708,1
407,472,19,0.0589449900758155,1
407,473,19,0.0626141514466341,1
407,474,19,0.0901530421694164,1
407,475,19,0.162528780423714,1
407,476,19,0.232577395750856,1
407,477,19,0.229293460195152,1
407,478,19,0.197692776178571,1
407,479,19,0.166077676702039,1
407,480,19,0.114513516339221,1
407,481,19,0.064099923688234,1
407,485,19,0.0667991794898134,1
407,486,19,0.0935036206730055,1
407,487,19,0.0869748239943275,1
407,488,19,0.0647531640431732,1
407,489,19,0.056210837800082,1
407,490,19,0.055894046345307,1
407,491,19,0.0577870643477277,1
407,492,19,0.0587470810797605,1
407,493,19,0.0623977091465625,1
407,494,19,0.0673244661061878,1
408,471,19,0.0547382546823915,1
408,472,19,0.0562871351385769,1
408,473,19,0.0580256828912368,1
408,474,19,0.0804773589992482,1
408,475,19,0.138756797268089,1
408,476,19,0.181072556388374,1
408,477,19,0.145477515537437,1
408,478,19,0.104326318787353,1
408,479,19,0.0798451527120205,1
408,480,19,0.0588304538963053,1
408,485,19,0.0534204904786308,1
408,486,19,0.0760651281583684,1
408,487,19,0.0771555332666976,1
408,488,19,0.0632928202401041,1
408,489,19,0.0562812198706066,1
408,490,19,0.0553747591572196,1
408,491,19,0.0561381533437519,1
408,492,19,0.0555168458175304,1
408,493,19,0.057765387054739,1
408,494,19,0.0614662107389718,1
408,495,19,0.0726846607194659,1
408,496,19,0.0916855654669157,1
409,470,19,0.0520968951672165,1
409,471,19,0.0535181825719085,1
409,472,19,0.0533287376991281,1
409,473,19,0.0548777143385326,1
409,474,19,0.0685060168374496,1
409,475,19,0.0954647363944989,1
409,476,19,0.107465173980054,1
409,477,19,0.0790525368612569,1
409,478,19,0.0553571035250765,1
409,486,19,0.0486115910252977,1
409,487,19,0.0532215174557153,1
409,488,19,0.0512032388448626,1
409,489,19,0.0487764731085185,1
409,490,19,0.049210238386261,1
409,491,19,0.0522286541543841,1
409,492,19,0.055737730580031,1
409,493,19,0.0601365919534658,1
409,494,19,0.063806979660327,1
409,495,19,0.0835765987286117,1
410,470,19,0.0486940531069873,1
410,471,19,0.0496363871553467,1
410,472,19,0.0492961841039148,1
410,473,19,0.052541664406361,1
410,474,19,0.059725060027947,1
410,475,19,0.0641779823819274,1
410,476,19,0.0592509609184497,1
410,492,19,0.0501158274392257,1
410,493,19,0.0596179239448509,1
410,494,19,0.0671383215201104,1
411,473,19,0.0514380641626712,1
411,474,19,0.0540133938979827,1
411,475,19,0.0492354474068235,1
411,493,19,0.0517410172568084,1
412,473,19,0.0493003139708819,1
412,474,19,0.0472973435204828,1
412,494,19,0.0499135300838025,1
413,472,19,0.0473279929043716,1
413,496,19,0.0516575783143006,1
414,468,19,0.0490444094994779,1
414,469,19,0.0485829164031246,1
414,471,19,0.048354424149144,1
414,472,19,0.0481669059464698,1
414,497,19,0.0517068842369554,1
414,498,19,0.0670169924007562,1
415,468,19,0.0493794907944965,1
415,469,19,0.0514790983284895,1
415,470,19,0.0524515767988378,1
415,471,19,0.0522891293533487,1
415,472,19,0.0477540184387078,1
415,498,19,0.0520776645348618,1
415,499,19,0.0694635328057876,1
416,468,19,0.0534216506887103,1
416,469,19,0.0594229665713299,1
416,470,19,0.0618936429528864,1
416,471,19,0.057432496933679,1
416,498,19,0.0486716364055023,1
416,499,19,0.0651056935752688,1
417,467,19,0.0575357496193068,1
417,468,19,0.059459961041949,1
417,469,19,0.0679773036938973,1
417,470,19,0.0724258016198024,1
417,471,19,0.0656987532923516,1
417,472,19,0.0503329460275561,1
417,499,19,0.0609486428259245,1
418,467,19,0.0645401122015723,1
418,468,19,0.0663568148311446,1
418,469,19,0.073993167288395,1
418,470,19,0.0844016583814442,1
418,471,19,0.0890776236089021,1
418,472,19,0.068788020024192,1
418,499,19,0.0548232686251109,1
419,468,19,0.0746161459980471,1
419,469,19,0.0836781020819435,1
419,470,19,0.104363241120558,1
419,471,19,0.128064409381173,1
419,472,19,0.0975451072846862,1
419,473,19,0.0529234095912367,1
419,499,19,0.0498894482103381,1
420,469,19,0.101668740376869,1
420,470,19,0.115887794195612,1
420,471,19,0.128956136027695,1
420,472,19,0.100417583052286,1
420,473,19,0.0677271131068488,1
420,500,19,0.0652007286071208,1
421,469,19,0.110563007029839,1
421,470,19,0.107109716871229,1
421,471,19,0.0943787016111843,1
421,472,19,0.0863244691359592,1
421,473,19,0.0882845749336528,1
421,474,19,0.0643347429945914,1
421,500,19,0.0616677446400939,1
422,470,19,0.0887536244241511,1
422,471,19,0.0715740992152988,1
422,472,19,0.0724228499972684,1
422,473,19,0.0874929810295913,1
422,474,19,0.0716146344306684,1
422,500,19,0.0574466358668763,1
422,501,19,0.0825135938148034,1
423,471,19,0.0714076421318664,1
423,472,19,0.0656055757989171,1
423,473,19,0.0707457993902753,1
423,474,19,0.0638638720343828,1
423,475,19,0.0499552886294892,1
423,500,19,0.0531856651608222,1
423,501,19,0.0816355372082859,1
423,502,19,0.123061787907538,1
424,473,19,0.0672614961549796,1
424,474,19,0.0623606004583707,1
424,475,19,0.055533852212945,1
424,500,19,0.0525302246147477,1
424,501,19,0.0868608408683267,1
425,474,19,0.0681770521940162,1
425,475,19,0.063276529207381,1
425,476,19,0.0541876117649005,1
425,500,19,0.0574754727982315,1
425,501,19,0.0906514275417185,1
426,475,19,0.0708108973952045,1
426,476,19,0.0619214278802834,1
426,477,19,0.0526931289305272,1
426,499,19,0.0522885221967786,1
426,500,19,0.0652269204999527,1
426,501,19,0.0889202798854727,1
426,502,19,0.124086487854368,1
427,476,19,0.0697984367629961,1
427,477,19,0.0623684574250752,1
427,478,19,0.0558648847955876,1
427,479,19,0.0475000256087821,1
427,498,19,0.0498997097575183,1
427,499,19,0.0615681889969475,1
427,500,19,0.0729996006472746,1
427,501,19,0.0875398763603193,1
427,502,19,0.103874606322085,1
427,503,19,0.119606682290669,1
428,477,19,0.0881736336019538,1
428,478,19,0.0798741399296554,1
428,479,19,0.063215627195382,1
428,480,19,0.0490184670818704,1
428,498,19,0.0621676028179375,1
428,499,19,0.0808626389174232,1
428,500,19,0.0943188335687899,1
428,501,19,0.100539964175598,1
428,502,19,0.106017652602372,1
429,478,19,0.115759497804329,1
429,479,19,0.0788097884507807,1
429,480,19,0.0575408773871713,1
429,497,19,0.0537627103719367,1
429,498,19,0.0775660011653559,1
429,499,19,0.110613984135925,1
430,480,19,0.0625392487648151,1
430,481,19,0.0514546617794049,1
430,489,19,0.04771857191677,1
430,490,19,0.0474938368197827,1
430,491,19,0.0476486707623405,1
430,492,19,0.0495450341373481,1
430,493,19,0.0507939491906374,1
430,494,19,0.0515084762904518,1
430,495,19,0.051278598396972,1
430,496,19,0.0544837899535473,1
430,497,19,0.0664120600675745,1
430,498,19,0.0993188701184131,1
431,482,19,0.0511233526700077,1
431,483,19,0.0483886022548809,1
431,484,19,0.0477708625249403,1
431,485,19,0.049099297054562,1
431,486,19,0.0505168212908096,1
431,487,19,0.0525798491443156,1
431,488,19,0.0561300559189999,1
431,489,19,0.0587647487348059,1
431,490,19,0.0575962067839179,1
431,491,19,0.0572706386104064,1
431,492,19,0.0606654734176514,1
431,493,19,0.0660723649837681,1
431,494,19,0.0711583171937892,1
431,495,19,0.074250168849641,1
431,496,19,0.0836288682967029,1
432,486,19,0.0594799431057023,1
432,487,19,0.0640481771163963,1
432,488,19,0.070663995562491,1
432,489,19,0.0729410551241418,1
432,490,19,0.071099885888229,1
432,491,19,0.0715765398644817,1
432,492,19,0.0762611615816522,1
432,493,19,0.0879038216382234,1
432,494,19,0.104665773413112,1
432,495,19,0.125974287917156,1
433,488,19,0.0995209630844958,1
433,489,19,0.10892075070233,1
433,490,19,0.0954183279913173,1
433,491,19,0.0890626370610871,1
402,477,20,0.096982423430463,1
402,478,20,0.0929828666908279,1
402,479,20,0.0796779441971894,1
402,480,20,0.0694592286067361,1
402,481,20,0.0637681036054857,1
403,475,20,0.133229652632381,1
403,476,20,0.148367869360874,1
403,477,20,0.167042562709535,1
403,478,20,0.145285233259695,1
403,479,20,0.112082605707281,1
403,480,20,0.0863000205639722,1
403,481,20,0.0660035038103944,1
403,482,20,0.0575354189894914,1
403,483,20,0.055112978492278,1
403,484,20,0.0569267475336699,1
403,485,20,0.0629384091237863,1
404,474,20,0.172394317245343,1
404,475,20,0.1741727810339,1
404,476,20,0.226948946139706,1
404,477,20,0.273540241712277,2
404,478,20,0.240928046872776,2
404,479,20,0.18307179673331,1
404,480,20,0.130228387534501,1
404,481,20,0.0844422837685816,1
404,482,20,0.06150031971302,1
404,483,20,0.054010640653338,1
404,484,20,0.052416115248272,1
404,485,20,0.0531190823274492,1
404,486,20,0.0539543614473035,1
404,487,20,0.0576768323672691,1
405,474,20,0.130766220049507,1
405,475,20,0.167247276668336,1
405,476,20,0.247526504247836,2
405,477,20,0.309603153809279,2
405,478,20,0.306641359899908,2
405,479,20,0.251662070070629,2
405,480,20,0.166190716030203,1
405,481,20,0.0960084781660245,1
405,482,20,0.0632544251013579,1
405,483,20,0.0540874970567935,1
405,484,20,0.0531414689716783,1
405,485,20,0.0550308199888735,1
405,486,20,0.0558704333650353,1
405,487,20,0.0567741889253872,1
405,488,20,0.0584046207284071,1
405,489,20,0.0602036136227756,1
405,490,20,0.066604781181253,1
406,473,20,0.0713571459418761,1
406,474,20,0.0948484424185694,1
406,475,20,0.155910545374241,1
406,476,20,0.235791646564374,1
406,477,20,0.276455314623004,2
406,478,20,0.288822769338021,2
406,479,20,0.249709093854046,1
406,480,20,0.156203795986159,1
406,481,20,0.0831680364599805,1
406,482,20,0.0541989373389412,1
406,483,20,0.0486490123089513,1
406,484,20,0.0502330206801616,1
406,485,20,0.0584458412492123,1
406,486,20,0.0682083478089078,1
406,487,20,0.0668031230017936,1
406,488,20,0.058823745116778,1
406,489,20,0.056276374640948,1
406,490,20,0.0577432889601671,1
406,491,20,0.0639867881768509,1
406,492,20,0.0714465302096102,1
407,472,20,0.0541295471578628,1
407,473,20,0.0586999032108267,1
407,474,20,0.0816716780528361,1
407,475,20,0.149759279853155,1
407,476,20,0.222430426830347,1
407,477,20,0.212361678912714,1
407,478,20,0.185668635440977,1
407,479,20,0.152032846761665,1
407,480,20,0.0977335241993132,1
407,481,20,0.0573309755459937,1
407,485,20,0.0578755529092346,1
407,486,20,0.0796068467639733,1
407,487,20,0.0792662379395862,1
407,488,20,0.0620391561403752,1
407,489,20,0.0549466536607718,1
407,490,20,0.054562269448824,1
407,491,20,0.0562199451486338,1
407,492,20,0.0574694733699445,1
407,493,20,0.061537753019576,1
407,494,20,0.067607605457205,1
407,495,20,0.0746656202413352,1
408,471,20,0.0486453543409026,1
408,472,20,0.0513957074775912,1
408,473,20,0.0546808453235334,1
408,474,20,0.0717860148926249,1
408,475,20,0.124023079067223,1
408,476,20,0.17465533224377,1
408,477,20,0.1391445358698,1
408,478,20,0.0937033751845756,1
408,479,20,0.0687529432065023,1
408,480,20,0.0516052065515392,1
408,486,20,0.0621745821127683,1
408,487,20,0.0653525117382,1
408,488,20,0.0559761086654925,1
408,489,20,0.0513039486866374,1
408,490,20,0.0510609417837601,1
408,491,20,0.0522695380339227,1
408,492,20,0.0528876414566602,1
408,493,20,0.0561391572561005,1
408,494,20,0.0616977778502358,1
408,495,20,0.0741290861997856,1
408,496,20,0.0962859968101797,1
409,471,20,0.0480448193842658,1
409,472,20,0.0494372698576027,1
409,473,20,0.0519762393303955,1
409,474,20,0.0620578156848668,1
409,475,20,0.0835932504484062,1
409,476,20,0.0990730919365375,1
409,477,20,0.0753704809276371,1
409,478,20,0.0514788218017348,1
409,492,20,0.0506810601487531,1
409,493,20,0.0571423722763798,1
409,494,20,0.064527812772439,1
409,495,20,0.0877606108365401,1
410,473,20,0.0500440807692811,1
410,474,20,0.0556395876279141,1
410,475,20,0.0590714229172293,1
410,476,20,0.0549368910640403,1
410,493,20,0.0549823376350316,1
410,494,20,0.0656193480335918,1
411,473,20,0.0492317052784581,1
411,474,20,0.0511697610731893,1
411,494,20,0.0581488214573989,1
412,473,20,0.0476331161323881,1
412,495,20,0.0548803713999583,1
413,469,20,0.0475068726516867,1
413,497,20,0.0600303094964385,1
413,502,20,0.119439431695679,1
414,468,20,0.0510070912040061,1
414,469,20,0.0501266991487016,1
414,470,20,0.0487857788349596,1
414,471,20,0.0487831097506315,1
414,472,20,0.0472982091694541,1
414,498,20,0.0570625702618415,1
415,468,20,0.0515209139829625,1
415,469,20,0.052582656492021,1
415,470,20,0.0530362805987675,1
415,471,20,0.0520973099573485,1
415,498,20,0.047303971145419,1
415,499,20,0.064018763085727,1
416,468,20,0.0555732392411375,1
416,469,20,0.059998286495953,1
416,470,20,0.0619593421029345,1
416,471,20,0.0571450052920007,1
416,499,20,0.0589109712735351,1
417,467,20,0.0608518404274228,1
417,468,20,0.0633355316008042,1
417,469,20,0.0709181897760316,1
417,470,20,0.0762425861974772,1
417,471,20,0.0679321035924048,1
417,472,20,0.0507625934612339,1
417,499,20,0.0520538411537985,1
418,467,20,0.0681578636418198,1
418,468,20,0.0719862022286806,1
418,469,20,0.0818154178622241,1
418,470,20,0.0987714132700525,1
418,471,20,0.0980456868366724,1
418,472,20,0.0673685601006615,1
418,500,20,0.0618069458038339,1
419,468,20,0.0840973887794965,1
419,469,20,0.0993301295664907,1
419,470,20,0.132468182110229,1
419,471,20,0.144964907071621,1
419,472,20,0.0942328938625873,1
419,473,20,0.0481509275092086,1
419,500,20,0.0584461358103205,1
420,468,20,0.0949872949181404,1
420,469,20,0.115134186651616,1
420,470,20,0.136797016088759,1
420,471,20,0.142646122027265,1
420,472,20,0.102787218962252,1
420,473,20,0.066990662244547,1
420,500,20,0.0559243200134964,1
421,469,20,0.112106062389822,1
421,470,20,0.109137703975753,1
421,471,20,0.0995263854134686,1
421,472,20,0.0948495485255882,1
421,473,20,0.0922726498015163,1
421,474,20,0.0641640057579122,1
421,500,20,0.0532902403657117,1
421,501,20,0.0736254408076928,1
422,470,20,0.0801532516083758,1
422,471,20,0.0712350653911233,1
422,472,20,0.0784328644497589,1
422,473,20,0.0922868368263231,1
422,474,20,0.0737127871934737,1
422,500,20,0.0514027889670923,1
422,501,20,0.0701915916822291,1
422,502,20,0.0915604310989587,1
423,471,20,0.0696977269212213,1
423,472,20,0.0675905449587297,1
423,473,20,0.0733780455454473,1
423,474,20,0.0675757688117063,1
423,475,20,0.0524799087682931,1
423,500,20,0.0486650989523339,1
423,501,20,0.0695798062946915,1
423,502,20,0.102462408231591,1
423,503,20,0.133575611648326,1
424,472,20,0.0695716487554276,1
424,473,20,0.0675446294945456,1
424,474,20,0.0670645249453102,1
424,475,20,0.0622053066397969,1
424,476,20,0.0492597006066468,1
424,500,20,0.047882732625848,1
424,501,20,0.0717942565922055,1
424,502,20,0.122844594176068,1
425,473,20,0.0714182824004715,1
425,474,20,0.0740792632923285,1
425,475,20,0.0732110113627008,1
425,476,20,0.0604797135644501,1
425,500,20,0.0515795977694727,1
425,501,20,0.0748965501387732,1
425,502,20,0.123162864447835,1
426,474,20,0.0798949936538312,1
426,475,20,0.0772035948189563,1
426,476,20,0.0673167053227024,1
426,477,20,0.056975680746351,1
426,478,20,0.0478900185046895,1
426,499,20,0.0482194400184133,1
426,500,20,0.0578415701756613,1
426,501,20,0.0754238806485519,1
426,502,20,0.103407781068526,1
426,503,20,0.129843774887408,1
427,476,20,0.07673905391685,1
427,477,20,0.0739432662320724,1
427,478,20,0.0691443848621464,1
427,479,20,0.0548597160536718,1
427,499,20,0.0557245655019264,1
427,500,20,0.0633670015477804,1
427,501,20,0.0740291157665072,1
427,502,20,0.0892626861337655,1
427,503,20,0.106799285531812,1
428,477,20,0.115825599721607,1
428,478,20,0.11600489726478,1
428,479,20,0.0821912477791295,1
428,480,20,0.0535795715114539,1
428,498,20,0.0593917010136942,1
428,499,20,0.0765925909200733,1
428,500,20,0.0892351055957088,1
428,501,20,0.0904734645407097,1
428,502,20,0.0954278501300012,1
429,479,20,0.107140880234195,1
429,480,20,0.0632578456170846,1
429,497,20,0.0517536593386596,1
429,498,20,0.0770457100649198,1
429,499,20,0.11654780344459,1
430,480,20,0.0662363032691522,1
430,481,20,0.0512350454331053,1
430,492,20,0.0482483520929084,1
430,493,20,0.0498951170088096,1
430,494,20,0.0510378097195836,1
430,495,20,0.0510952852044047,1
430,496,20,0.0544302219119993,1
430,497,20,0.0665268667623882,1
430,498,20,0.103651292933303,1
431,482,20,0.0506329565163361,1
431,485,20,0.0479457957545497,1
431,486,20,0.0491433249230727,1
431,487,20,0.0514099906856171,1
431,488,20,0.0557041446022362,1
431,489,20,0.0602392675397795,1
431,490,20,0.059933891830813,1
431,491,20,0.0594219085559205,1
431,492,20,0.0629960709635943,1
431,493,20,0.0689867706234135,1
431,494,20,0.0742039768587022,1
431,495,20,0.0758253914849381,1
431,496,20,0.0841834246689181,1
432,485,20,0.0544072762028096,1
432,486,20,0.0574935011403482,1
432,487,20,0.0626638541250674,1
432,488,20,0.0706810380266127,1
432,489,20,0.0758225600914279,1
432,490,20,0.0752074984629922,1
432,491,20,0.0755044521288424,1
432,492,20,0.0794448501773234,1
432,493,20,0.0912003632070717,1
432,494,20,0.105925689422077,1
432,495,20,0.118140585528811,1
433,488,20,0.0925632193062035,1
433,489,20,0.100755540826699,1
433,490,20,0.0948118927953383,1
433,491,20,0.0914285999743768,1
433,492,20,0.0894867088737868,1
402,476,21,0.0964487688740331,1
402,477,21,0.098447113512742,1
402,478,21,0.0982463731231768,1
402,479,21,0.0835577047375237,1
402,480,21,0.0728066751442556,1
402,481,21,0.0654239758699387,1
403,474,21,0.166551367032855,1
403,475,21,0.146530457281955,1
403,476,21,0.152919884476259,1
403,477,21,0.165996425927764,1
403,478,21,0.141022549290052,1
403,479,21,0.10832502791237,1
403,480,21,0.0839856118560822,1
403,481,21,0.064931668074789,1
403,482,21,0.0566612998835029,1
403,483,21,0.0553433673591089,1
403,484,21,0.0576241600319482,1
404,473,21,0.143087819414852,1
404,474,21,0.20589290056271,1
404,475,21,0.194481410861625,1
404,476,21,0.246101333445675,1
404,477,21,0.294375065885505,2
404,478,21,0.248808362053643,2
404,479,21,0.179937642495439,1
404,480,21,0.125740646855232,1
404,481,21,0.082247593111127,1
404,482,21,0.0590801335100027,1
404,483,21,0.0521735712271363,1
404,484,21,0.0517488261319034,1
404,485,21,0.0530299505406651,1
404,486,21,0.0546338117294281,1
404,487,21,0.0586189890778184,1
405,474,21,0.137267772831395,1
405,475,21,0.167312885646617,1
405,476,21,0.255093093814034,2
405,477,21,0.325090142912874,2
405,478,21,0.321028493893905,2
405,479,21,0.253488228712922,2
405,480,21,0.159115682827756,1
405,481,21,0.0925894051875842,1
405,482,21,0.0618292663220999,1
405,483,21,0.0531804712669946,1
405,484,21,0.0521263572894953,1
405,485,21,0.0535143953576592,1
405,486,21,0.0548263344652175,1
405,487,21,0.0572413327858585,1
405,488,21,0.0592033983166398,1
405,489,21,0.0598120457266565,1
406,473,21,0.0682740108902488,1
406,474,21,0.0881911149020124,1
406,475,21,0.141452187706553,1
406,476,21,0.219665688290963,1
406,477,21,0.260042874631714,2
406,478,21,0.284883561556875,2
406,479,21,0.240386030387741,1
406,480,21,0.138521929870122,1
406,481,21,0.0756814352633073,1
406,482,21,0.0541420088961783,1
406,483,21,0.0498410830797944,1
406,484,21,0.0499373474534146,1
406,485,21,0.0551103935682666,1
406,486,21,0.0625932315964952,1
406,487,21,0.0646809304456823,1
406,488,21,0.0605273483036743,1
406,489,21,0.057365373069699,1
406,490,21,0.056934436179741,1
406,491,21,0.062236488037116,1
406,492,21,0.070053214087302,1
407,472,21,0.0517015520797505,1
407,473,21,0.0573473026474239,1
407,474,21,0.0750063312603926,1
407,475,21,0.131589187717326,1
407,476,21,0.199668559840967,1
407,477,21,0.185245501414663,1
407,478,21,0.162435037853868,1
407,479,21,0.128807605091709,1
407,480,21,0.0789887253068822,1
407,481,21,0.0509774006465821,1
407,485,21,0.0536544621703705,1
407,486,21,0.0693233157067966,1
407,487,21,0.0723067087602906,1
407,488,21,0.0619054614659246,1
407,489,21,0.0556642105319855,1
407,490,21,0.0537014777301222,1
407,491,21,0.0550190014758353,1
407,492,21,0.0569327770192128,1
407,493,21,0.0613302136787157,1
407,494,21,0.0683265930538018,1
407,495,21,0.0771160199980302,1
408,472,21,0.0483598013922329,1
408,473,21,0.0533819330307025,1
408,474,21,0.0661754794060186,1
408,475,21,0.105384730952452,1
408,476,21,0.153249516390775,1
408,477,21,0.123223387738409,1
408,478,21,0.0793237194358585,1
408,479,21,0.0562308679554449,1
408,486,21,0.0548388863753008,1
408,487,21,0.0588941692674609,1
408,488,21,0.0544906430079032,1
408,489,21,0.0507382831526243,1
408,490,21,0.0492817175466277,1
408,491,21,0.0499054386705017,1
408,492,21,0.0510384409219585,1
408,493,21,0.0552358164858807,1
408,494,21,0.0623033654315972,1
408,495,21,0.078087692933919,1
408,496,21,0.102494617587063,1
409,473,21,0.0508891525431228,1
409,474,21,0.058773958278028,1
409,475,21,0.0731745158425304,1
409,476,21,0.08653034330484,1
409,477,21,0.0694129284096759,1
409,478,21,0.0480526553108911,1
409,492,21,0.0475102330529015,1
409,493,21,0.0557339493772329,1
409,494,21,0.0685808473818543,1
409,495,21,0.100317973306079,1
410,473,21,0.0495533630029709,1
410,474,21,0.0539614068680974,1
410,475,21,0.056439387162849,1
410,476,21,0.0524046814681099,1
410,493,21,0.0521240789494946,1
410,494,21,0.0702640537148652,1
411,473,21,0.0488530078993354,1
411,474,21,0.0502770004570627,1
411,494,21,0.0574210871993216,1
411,495,21,0.0803912690067659,1
412,473,21,0.0481506389595515,1
412,495,21,0.0508504929005242,1
412,496,21,0.0645127901559168,1
413,468,21,0.0498611943897483,1
413,469,21,0.0494625720556585,1
413,470,21,0.0479266312481581,1
413,471,21,0.0472432494769557,1
413,472,21,0.0475073535677819,1
413,497,21,0.055969393874514,1
413,502,21,0.122302337232986,1
414,468,21,0.0539098466512466,1
414,469,21,0.0531765337664656,1
414,470,21,0.0515651823095207,1
414,471,21,0.0507650521447704,1
414,472,21,0.0481652588088439,1
414,498,21,0.0523284682899316,1
414,499,21,0.0716229963592728,1
414,501,21,0.15566838007453,1
415,468,21,0.0541024836046085,1
415,469,21,0.0541333824637216,1
415,470,21,0.0539150946481349,1
415,471,21,0.05305782563983,1
415,472,21,0.0476200261974234,1
415,499,21,0.0613025069001841,1
415,500,21,0.0973249138390724,1
416,468,21,0.0568918690938694,1
416,469,21,0.0591825145352081,1
416,470,21,0.0609675308055614,1
416,471,21,0.057572112887551,1
416,472,21,0.0479272564390818,1
416,499,21,0.0548283723471706,1
416,500,21,0.0784479531922441,1
417,467,21,0.0634329471673273,1
417,468,21,0.0652459948345764,1
417,469,21,0.0712656696891281,1
417,470,21,0.0766470306220438,1
417,471,21,0.0687759670645574,1
417,472,21,0.0524938793808571,1
417,499,21,0.0476232032493769,1
417,500,21,0.0638124140122022,1
418,467,21,0.0715152531196065,1
418,468,21,0.0780974495191993,1
418,469,21,0.0898261995682528,1
418,470,21,0.111636291525181,1
418,471,21,0.10211323910071,1
418,472,21,0.0654452383727954,1
418,500,21,0.056495431922287,1
419,468,21,0.0981419181473111,1
419,469,21,0.120602587386302,1
419,470,21,0.166082882618769,1
419,471,21,0.155716964623043,1
419,472,21,0.0879150870977522,1
419,500,21,0.0534525134791163,1
420,468,21,0.10871220143767,1
420,469,21,0.129178367355262,1
420,470,21,0.159384406718821,1
420,471,21,0.150556614693102,1
420,472,21,0.101539013260203,1
420,473,21,0.0645339564755545,1
420,500,21,0.0508796784960484,1
421,469,21,0.107733164474074,1
421,470,21,0.110698312773208,1
421,471,21,0.107206873945351,1
421,472,21,0.104386168795394,1
421,473,21,0.0909244616432864,1
421,474,21,0.0600515299191368,1
421,500,21,0.0489066631069257,1
421,501,21,0.0654652024021951,1
422,470,21,0.0772537122875216,1
422,471,21,0.0774837464787324,1
422,472,21,0.0891164335377804,1
422,473,21,0.0952690456239328,1
422,474,21,0.0718318522079435,1
422,500,21,0.0477496601365956,1
422,501,21,0.0621536742855318,1
422,502,21,0.0803167991494326,1
423,471,21,0.0727236449804286,1
423,472,21,0.0743714077972273,1
423,473,21,0.0788869935184052,1
423,474,21,0.0706768480451338,1
423,475,21,0.054582654279807,1
423,501,21,0.0604933836044546,1
423,502,21,0.0879725445482197,1
423,503,21,0.122716490151223,1
424,472,21,0.0719785917314749,1
424,473,21,0.0726470530808254,1
424,474,21,0.0773868478970116,1
424,475,21,0.0732829143303763,1
424,476,21,0.0543556438485445,1
424,501,21,0.0605009580329531,1
424,502,21,0.101483575657335,1
425,473,21,0.0766578151654775,1
425,474,21,0.0931654104176429,1
425,475,21,0.0937317071540309,1
425,476,21,0.0680234536046777,1
425,477,21,0.0477054669531772,1
425,500,21,0.0479542658892754,1
425,501,21,0.0634172632911743,1
425,502,21,0.0992126537873489,1
426,474,21,0.0926960122629757,1
426,475,21,0.089800614831991,1
426,476,21,0.0728415475726049,1
426,477,21,0.0605410303665812,1
426,478,21,0.0503258915895854,1
426,500,21,0.0537626442459736,1
426,501,21,0.0664996408999518,1
426,502,21,0.0887077991317348,1
426,503,21,0.115750660971081,1
427,475,21,0.086329669041238,1
427,476,21,0.0849779160924529,1
427,477,21,0.0874297465745308,1
427,478,21,0.0828499585546509,1
427,479,21,0.0604250454273343,1
427,499,21,0.0521361198862268,1
427,500,21,0.0588349805190508,1
427,501,21,0.0674311453189936,1
427,502,21,0.0816801061074036,1
427,503,21,0.100360949170631,1
428,476,21,0.113377243858317,1
428,479,21,0.0970047078800218,1
428,480,21,0.0548699595664984,1
428,498,21,0.0570817167338795,1
428,499,21,0.0719086064167288,1
428,500,21,0.0847645757011949,1
428,501,21,0.0848174103456979,1
428,502,21,0.0905448625464853,1
428,503,21,0.103363404535847,1
429,480,21,0.0633844888592901,1
429,497,21,0.051887889032266,1
429,498,21,0.0772137541714662,1
430,479,21,0.104184063806409,1
430,480,21,0.0672770117104993,1
430,481,21,0.0521042231262162,1
430,490,21,0.0474089911976965,1
430,491,21,0.0477174237295928,1
430,492,21,0.0494588659960003,1
430,493,21,0.0508299517718103,1
430,494,21,0.0512105908496672,1
430,495,21,0.0520127228276635,1
430,496,21,0.0566165446293984,1
430,497,21,0.0689739421865754,1
431,482,21,0.0507864048193948,1
431,483,21,0.0472634148899702,1
431,485,21,0.0476163742408259,1
431,486,21,0.0479631838771148,1
431,487,21,0.050231541863169,1
431,488,21,0.0559041275489515,1
431,489,21,0.062473675855242,1
431,490,21,0.0632982065003697,1
431,491,21,0.0630171831801712,1
431,492,21,0.066230424069889,1
431,493,21,0.0707318708578697,1
431,494,21,0.0734283794262556,1
431,495,21,0.0743228112258128,1
431,496,21,0.0822467274621557,1
431,497,21,0.0963788977768596,1
432,485,21,0.0541996166329256,1
432,486,21,0.0566976871975519,1
432,487,21,0.0614701302051473,1
432,488,21,0.0707121593094199,1
432,489,21,0.0787602480815295,1
432,490,21,0.0796962009744514,1
432,491,21,0.0793700857588818,1
432,492,21,0.0820900089296501,1
432,493,21,0.0910145372279073,1
432,494,21,0.100336909377325,1
432,495,21,0.105017755903149,1
432,496,21,0.123970635167047,1
433,489,21,0.0920380108386946,1
433,490,21,0.0935803748817908,1
433,491,21,0.0918008590892757,1
433,492,21,0.0868779374355091,1
433,493,21,0.0936905828164447,1
402,476,22,0.0963725076042453,1
402,477,22,0.0978768672529226,1
402,478,22,0.100010487577745,1
402,479,22,0.0844023797555869,1
402,480,22,0.075170089202241,1
402,481,22,0.0674567901697672,1
403,474,22,0.170504737793003,1
403,475,22,0.149657073160034,1
403,476,22,0.149977146867159,1
403,477,22,0.162930080859309,1
403,478,22,0.140641988361061,1
403,479,22,0.106867287067666,1
403,480,22,0.0817194751012425,1
403,481,22,0.0637382747846842,1
403,482,22,0.0561863170906808,1
403,483,22,0.0557296271438278,1
403,484,22,0.0581610367262156,1
404,473,22,0.131516268814399,1
404,474,22,0.209251305975748,1
404,475,22,0.197114871329937,1
404,476,22,0.248796435334483,1
404,477,22,0.308820030039943,2
404,478,22,0.264169928239624,2
404,479,22,0.183033155125065,1
404,480,22,0.120878116240113,1
404,481,22,0.0779316056037882,1
404,482,22,0.0559752129592653,1
404,483,22,0.0507993234280007,1
404,484,22,0.0514851278140324,1
404,485,22,0.0535767461293949,1
404,486,22,0.0556322416345607,1
404,487,22,0.0598950157759716,1
405,474,22,0.13374096262474,1
405,475,22,0.164289354133532,1
405,476,22,0.258424135101258,2
405,477,22,0.340615028204767,2
405,478,22,0.333654441010062,2
405,479,22,0.25197908996055,2
405,480,22,0.151822902840329,1
405,481,22,0.087370726146754,1
405,482,22,0.0582046317702406,1
405,483,22,0.0509054375643947,1
405,484,22,0.0501670329804563,1
405,485,22,0.0519261699534396,1
405,486,22,0.0538010814648781,1
405,487,22,0.0572072719034197,1
405,488,22,0.0590065773932501,1
405,489,22,0.0591249007870096,1
406,473,22,0.06526941544841,1
406,474,22,0.0831679042080543,1
406,475,22,0.130835856700085,1
406,476,22,0.207237109140253,1
406,477,22,0.247375929418445,2
406,478,22,0.268989669345177,2
406,479,22,0.221429063337034,1
406,480,22,0.124382046863542,1
406,481,22,0.070014951200482,1
406,482,22,0.0518454722326741,1
406,483,22,0.047816432330681,1
406,485,22,0.0511416755732328,1
406,486,22,0.05686654886146,1
406,487,22,0.0604128782501272,1
406,488,22,0.0589035591542186,1
406,489,22,0.0561146365466993,1
406,490,22,0.0553824658376443,1
406,491,22,0.0599777153099831,1
406,492,22,0.0672213576953885,1
407,472,22,0.0515359305880334,1
407,473,22,0.0572364635103951,1
407,474,22,0.0704195278769747,1
407,475,22,0.116026598603574,1
407,476,22,0.173515104227983,1
407,477,22,0.15814033689519,1
407,478,22,0.136272240445736,1
407,479,22,0.106797710531601,1
407,480,22,0.0659247658227166,1
407,485,22,0.0482492177418796,1
407,486,22,0.0580072758276951,1
407,487,22,0.0617792390253023,1
407,488,22,0.0575862999123578,1
407,489,22,0.0536575219990259,1
407,490,22,0.0516415998770394,1
407,491,22,0.0529820392746862,1
407,492,22,0.0559679932063869,1
407,493,22,0.0608022038749526,1
407,494,22,0.0676590274106785,1
407,495,22,0.0770368732316715,1
408,472,22,0.0481219943946344,1
408,473,22,0.053872774031762,1
408,474,22,0.063132152184167,1
408,475,22,0.090126549704025,1
408,476,22,0.124157014199721,1
408,477,22,0.101252747954568,1
408,478,22,0.0656351401158662,1
408,487,22,0.051096247036595,1
408,488,22,0.0503201506536996,1
408,489,22,0.0479127808646179,1
408,492,22,0.0493498212771516,1
408,493,22,0.0548515104227983,1
408,494,22,0.0638005474075545,1
408,495,22,0.0820422239041461,1
408,496,22,0.105884414798211,1
409,472,22,0.0472233605906958,1
409,473,22,0.0518415106863404,1
409,474,22,0.05733146247354,1
409,475,22,0.0655479380049138,1
409,476,22,0.0724261743297761,1
409,477,22,0.0598525027931607,1
409,493,22,0.0544392811689416,1
409,494,22,0.0747105438160731,1
409,495,22,0.118432802171125,1
410,473,22,0.0503272802348102,1
410,474,22,0.0525586046758125,1
410,475,22,0.0525889685157698,1
410,476,22,0.0479520266237074,1
410,493,22,0.0487364248206952,1
410,494,22,0.0755916662626971,1
411,473,22,0.048613710061842,1
411,474,22,0.0485677525174996,1
411,494,22,0.0541545367604568,1
411,495,22,0.0811503710171491,1
412,496,22,0.0571875122633604,1
413,468,22,0.0521825403123108,1
413,469,22,0.0512955927694842,1
413,470,22,0.0495765161072266,1
413,471,22,0.0480965088473172,1
413,497,22,0.0509518279332227,1
413,498,22,0.067264778407329,1
413,501,22,0.140081624926997,1
413,502,22,0.121856636218907,1
414,468,22,0.0577913445009745,1
414,469,22,0.0557037538579089,1
414,470,22,0.0525676338754989,1
414,471,22,0.05060310364973,1
414,472,22,0.0472411514804906,1
414,499,22,0.0651531359480549,1
414,500,22,0.108365028108584,1
414,501,22,0.159469564936369,1
415,468,22,0.0581507030416212,1
415,469,22,0.0556900597720996,1
415,470,22,0.0532716709929879,1
415,471,22,0.0515183410818535,1
415,499,22,0.0555111770190589,1
415,500,22,0.0888563661364278,1
416,467,22,0.0625355156536265,1
416,468,22,0.0601975180112696,1
416,469,22,0.0596696885510421,1
416,470,22,0.0595514853863064,1
416,471,22,0.0561511861699304,1
416,472,22,0.0478636733198523,1
416,499,22,0.0486370855897916,1
416,500,22,0.0692574061559569,1
417,467,22,0.0676564605210206,1
417,468,22,0.0682201302532389,1
417,469,22,0.072047717408701,1
417,470,22,0.0750682732534474,1
417,471,22,0.0671218741896564,1
417,472,22,0.0525011832940521,1
417,500,22,0.0565209866012929,1
418,467,22,0.0759503154521035,1
418,468,22,0.0883292400159895,1
418,469,22,0.103386308164878,1
418,470,22,0.118557191119134,1
418,471,22,0.0969515125484475,1
418,472,22,0.0618086831132277,1
418,500,22,0.0501179494814955,1
419,467,22,0.0855234132077257,1
419,468,22,0.120486349966105,1
419,469,22,0.155167433824022,1
419,470,22,0.186619923545883,1
419,471,22,0.144749204180046,1
419,472,22,0.0774586005784074,1
419,500,22,0.0473906352314899,1
420,468,22,0.123544675758674,1
420,469,22,0.150412977078385,1
420,470,22,0.170426432629811,1
420,471,22,0.141039633834332,1
420,472,22,0.0941281924172228,1
420,473,22,0.0596644044854467,1
420,501,22,0.0625912778748587,1
421,469,22,0.104048565696601,1
421,470,22,0.110331938869024,1
421,471,22,0.111761762534405,1
421,472,22,0.10986341838623,1
421,473,22,0.0856147211398404,1
421,474,22,0.0540656815004274,1
421,501,22,0.0561783038262454,1
422,470,22,0.0777351513789211,1
422,471,22,0.0891089192237937,1
422,472,22,0.106326953788965,1
422,473,22,0.0998048839241676,1
422,474,22,0.0679603273557386,1
422,501,22,0.0534049689116599,1
422,502,22,0.0687877074287302,1
423,471,22,0.080556860441227,1
423,472,22,0.0910249190041112,1
423,473,22,0.0898693076847314,1
423,474,22,0.0719230880026439,1
423,475,22,0.0529164302964059,1
423,501,22,0.0522457687559201,1
423,502,22,0.0750011794467233,1
423,503,22,0.109461540851322,1
424,472,22,0.0778284551128306,1
424,473,22,0.0790925671147266,1
424,474,22,0.0844610214619388,1
424,475,22,0.0786662530307332,1
424,476,22,0.0554173322545423,1
424,501,22,0.0523953336615105,1
424,502,22,0.0848319640690272,1
425,473,22,0.0801289473112173,1
425,474,22,0.108189794306415,1
425,475,22,0.108448899875577,1
425,476,22,0.0712561355275419,1
425,477,22,0.0477700990706393,1
425,501,22,0.0546988436083943,1
425,502,22,0.0813495724752097,1
426,474,22,0.101131040113789,1
426,475,22,0.0988543111819533,1
426,476,22,0.076819547248275,1
426,477,22,0.0649015867730376,1
426,478,22,0.0523358804092481,1
426,500,22,0.0481954483167167,1
426,501,22,0.0573638401496457,1
426,502,22,0.0750098539707895,1
426,503,22,0.102874721645764,1
427,475,22,0.0912640004293619,1
427,476,22,0.0965452406427194,1
427,478,22,0.0952436772999139,1
427,479,22,0.0633275243478201,1
427,500,22,0.0519327585039431,1
427,501,22,0.0588643103894035,1
427,502,22,0.0721195001473527,1
427,503,22,0.0931191102205828,1
428,479,22,0.101936803008303,1
428,480,22,0.0538749742228973,1
428,498,22,0.0543008675053074,1
428,499,22,0.0659766867266388,1
428,500,22,0.0765227138114486,1
428,501,22,0.0761878639573008,1
428,502,22,0.083506721619987,1
428,503,22,0.0975100244555453,1
429,480,22,0.0618030924636216,1
429,497,22,0.0517032593318883,1
429,498,22,0.078272965859574,1
430,479,22,0.103464216572292,1
430,480,22,0.0677653279020593,1
430,481,22,0.0527404931544479,1
430,491,22,0.0475145733206602,1
430,492,22,0.0496430839119716,1
430,493,22,0.0503872504718749,1
430,494,22,0.0503867364927982,1
430,495,22,0.0520150071791155,1
430,496,22,0.0573332298401897,1
430,497,22,0.0697136993470314,1
431,481,22,0.0599846885933627,1
431,482,22,0.0509491768832482,1
431,483,22,0.0472810404648573,1
431,485,22,0.0473351375141101,1
431,487,22,0.048301841985591,1
431,488,22,0.0534530905784305,1
431,489,22,0.0613010881977035,1
431,490,22,0.0643178207594935,1
431,491,22,0.0651805120967711,1
431,492,22,0.0683738851403082,1
431,493,22,0.0707728509206273,1
431,494,22,0.0720961817281893,1
431,495,22,0.072978879175025,1
431,496,22,0.0794190610517212,1
431,497,22,0.0911710994626821,1
432,484,22,0.0517406505582859,1
432,485,22,0.0542574107246598,1
432,486,22,0.0559057806980286,1
432,487,22,0.059765799632657,1
432,488,22,0.068022383566366,1
432,489,22,0.0785338147495812,1
432,490,22,0.0821564715339992,1
432,491,22,0.081930897839571,1
432,492,22,0.08428305846093,1
432,493,22,0.0898269870683586,1
432,494,22,0.0956770488276035,1
432,495,22,0.0963071270611102,1
432,496,22,0.107471413866388,1
432,497,22,0.120099537127877,1
433,489,22,0.0895839320738718,1
433,490,22,0.0960294641421265,1
433,491,22,0.092512398497849,1
433,492,22,0.0870952033043937,1
433,493,22,0.0903879396246392,1
433,494,22,0.0992563209687882,1
402,477,23,0.0964991929266091,1
402,478,23,0.0971699746961187,1
402,479,23,0.0852948878907636,1
402,480,23,0.0788488268148042,1
402,481,23,0.072651579703571,1
403,475,23,0.14627078663638,1
403,476,23,0.141674226667682,1
403,477,23,0.156705187084056,1
403,478,23,0.144207139603402,1
403,479,23,0.108102423874829,1
403,480,23,0.0797582812308836,1
403,481,23,0.0635495092058883,1
403,482,23,0.0571251314343688,1
403,483,23,0.0571800099722762,1
403,484,23,0.0591820756992712,1
404,474,23,0.186698901991608,1
404,475,23,0.190023186407695,1
404,476,23,0.237681238039617,1
404,477,23,0.310227455038192,2
404,478,23,0.28546914904013,2
404,479,23,0.191334007385332,1
404,480,23,0.11729657778183,1
404,481,23,0.0738658146949492,1
404,482,23,0.0535985075827003,1
404,483,23,0.0502082685298895,1
404,484,23,0.0517806387315973,1
404,485,23,0.0543252379284289,1
404,486,23,0.0570797810465965,1
404,487,23,0.0617958306305849,1
405,473,23,0.0838554759607357,1
405,474,23,0.127636081461031,1
405,475,23,0.165224772007298,1
405,476,23,0.261994889016107,2
405,477,23,0.355036860295029,2
405,478,23,0.346425288145688,2
405,479,23,0.247762441684114,2
405,480,23,0.148358154855752,1
405,481,23,0.08592895772786,1
405,482,23,0.0567417511347696,1
405,483,23,0.0499424962613583,1
405,484,23,0.0491551043616781,1
405,485,23,0.0511813150823752,1
405,486,23,0.0536502361201844,1
405,487,23,0.0572699352706173,1
405,488,23,0.0596147198413669,1
405,489,23,0.0604171944720811,1
406,472,23,0.0547045604984753,1
406,473,23,0.0633872601382884,1
406,474,23,0.0822848220283425,1
406,475,23,0.127643150927629,1
406,476,23,0.204631986652847,1
406,477,23,0.243751481221573,2
406,478,23,0.243568853334441,2
406,479,23,0.189785613856693,1
406,480,23,0.115422916652239,1
406,481,23,0.0723393148715415,1
406,482,23,0.0535444165448987,1
406,483,23,0.0479294987103754,1
406,485,23,0.048742736844444,1
406,486,23,0.0533605142301149,1
406,487,23,0.0571084436458672,1
406,488,23,0.0575867447597459,1
406,489,23,0.0555670714922172,1
406,490,23,0.0554444919910157,1
406,491,23,0.059035149820753,1
406,492,23,0.0648635823786187,1
407,472,23,0.0509976532256389,1
407,473,23,0.056501557591049,1
407,474,23,0.0678236750473029,1
407,475,23,0.102830501410815,1
407,476,23,0.148049803478447,1
407,477,23,0.137234289048271,1
407,478,23,0.113130401649581,1
407,479,23,0.0872832414975958,1
407,480,23,0.0601792191538493,1
407,481,23,0.0474000281239732,1
407,486,23,0.0521786509033913,1
407,487,23,0.0567391421649535,1
407,488,23,0.0567122830010395,1
407,489,23,0.0528770372567623,1
407,490,23,0.0505222075510752,1
407,491,23,0.0522775693327116,1
407,492,23,0.0560635632573948,1
407,493,23,0.0613805295251704,1
407,494,23,0.0683174977281524,1
407,495,23,0.0792401542528757,1
408,472,23,0.0497003850647082,1
408,473,23,0.0548566141448581,1
408,474,23,0.0614647138876257,1
408,475,23,0.0779981042768445,1
408,476,23,0.0961693686456556,1
408,477,23,0.0809435290046268,1
408,478,23,0.0561055953241105,1
408,487,23,0.0493699055355751,1
408,488,23,0.0510715039034998,1
408,489,23,0.0472514521021035,1
408,492,23,0.0487599716750038,1
408,493,23,0.0572315100746151,1
408,494,23,0.0710687105023611,1
408,495,23,0.0951747019089676,1
408,496,23,0.112086248646702,1
408,497,23,0.108339359212006,1
409,472,23,0.050559352307974,1
409,473,23,0.0545310038911883,1
409,474,23,0.0565505388953396,1
409,475,23,0.0600054100656123,1
409,476,23,0.0610177083886387,1
409,477,23,0.0517302928278867,1
409,493,23,0.0565019663697298,1
409,494,23,0.0881529181411554,1
409,495,23,0.146242268311938,1
409,496,23,0.179644451998033,1
410,472,23,0.0499080235945131,1
410,473,23,0.0529268361184146,1
410,474,23,0.051986639140953,1
410,475,23,0.0498168869887573,1
410,493,23,0.0490882510130017,1
410,494,23,0.0831937173794613,1
410,495,23,0.146308418320826,1
411,473,23,0.0496625339622946,1
411,474,23,0.0480335449075602,1
411,494,23,0.0536946607444735,1
411,495,23,0.0800475522621139,1
411,496,23,0.102940114211802,1
412,469,23,0.0481305486896768,1
412,470,23,0.0474363883864919,1
412,473,23,0.0474528808028298,1
412,496,23,0.0538933091490247,1
412,497,23,0.0788883220491181,1
412,501,23,0.124336888842208,1
413,468,23,0.0556789866790089,1
413,469,23,0.0541215459163298,1
413,470,23,0.0518276122111907,1
413,471,23,0.0493670410790834,1
413,497,23,0.047774980369005,1
413,498,23,0.0572014888873756,1
413,499,23,0.075896290540265,1
413,500,23,0.11224651393541,1
413,501,23,0.139190355150765,1
413,502,23,0.119543850602838,1
414,468,23,0.0619735651964485,1
414,469,23,0.0590568211022905,1
414,470,23,0.0542442155892992,1
414,471,23,0.0506448411553374,1
414,499,23,0.0596777679414406,1
414,500,23,0.0998378447110387,1
414,501,23,0.150635088176928,1
415,467,23,0.0636650853664542,1
415,468,23,0.0621528507167189,1
415,469,23,0.057974982311906,1
415,470,23,0.053640443466197,1
415,471,23,0.0506156134796549,1
415,499,23,0.0509826306091168,1
415,500,23,0.0796212441895717,1
416,467,23,0.0665638251643002,1
416,468,23,0.0619892550840526,1
416,469,23,0.0584864546134473,1
416,470,23,0.056980952789044,1
416,471,23,0.0547459132712067,1
416,472,23,0.0486153752338214,1
416,500,23,0.0619147010664026,1
417,467,23,0.0713818049146547,1
417,468,23,0.06921486311589,1
417,469,23,0.070216322792422,1
417,470,23,0.0704795582285513,1
417,471,23,0.0650086146500124,1
417,472,23,0.0529740680904091,1
417,500,23,0.0511567763386203,1
418,467,23,0.0793834552263268,1
418,468,23,0.096061805749525,1
418,469,23,0.113852713578685,1
418,470,23,0.113166806997983,1
418,471,23,0.0874843606085859,1
418,472,23,0.0593690378427104,1
419,467,23,0.0878018734375036,1
419,468,23,0.133243755496871,1
419,470,23,0.178118372976209,1
419,471,23,0.122244603255763,1
419,472,23,0.0696078016228802,1
419,501,23,0.0637575895773555,1
420,468,23,0.122589167615033,1
420,469,23,0.156393781889546,1
420,470,23,0.160609552494108,1
420,471,23,0.127079012302218,1
420,472,23,0.0896028921909229,1
420,473,23,0.0595145269843945,1
420,501,23,0.0566901909179188,1
421,468,23,0.0868465877175568,1
421,469,23,0.099590569677817,1
421,470,23,0.110641059712081,1
421,471,23,0.125217722739175,1
421,472,23,0.125988751468718,1
421,473,23,0.0894958041994363,1
421,474,23,0.0523349486343137,1
421,501,23,0.0505729141418572,1
421,502,23,0.065997077569073,1
422,469,23,0.073674121539424,1
422,470,23,0.0873803264343034,1
422,471,23,0.123276132211144,1
422,472,23,0.1507304778844,1
422,473,23,0.118654865178058,1
422,474,23,0.0678701676108011,1
422,501,23,0.0486993431840339,1
422,502,23,0.0629739848919247,1
422,503,23,0.0805464245619624,1
423,470,23,0.0774496375046841,1
423,471,23,0.102346928254244,1
423,472,23,0.125119171008377,1
423,473,23,0.109154343672645,1
423,474,23,0.0754826005037692,1
423,475,23,0.0528578066244076,1
423,501,23,0.048260041359746,1
423,502,23,0.0673106998829643,1
423,503,23,0.0979118599102957,1
424,471,23,0.0796861317937093,1
424,472,23,0.0861872998427212,1
424,473,23,0.0861025263580493,1
424,474,23,0.0885283753480871,1
424,475,23,0.0790413675849471,1
424,476,23,0.0544224731514162,1
424,501,23,0.0485565411610315,1
424,502,23,0.0727129626316652,1
425,472,23,0.0651127329846115,1
425,473,23,0.0794087934930898,1
425,474,23,0.111926776869552,1
425,475,23,0.109296718882613,1
425,476,23,0.0686890775490669,1
425,501,23,0.0500650697511086,1
425,502,23,0.0695725745189108,1
426,474,23,0.100609137944434,1
426,475,23,0.0983097458416147,1
426,476,23,0.0772409199193908,1
426,477,23,0.0704087613678947,1
426,478,23,0.0560504282365461,1
426,501,23,0.0529715012007513,1
426,502,23,0.0675392853144383,1
426,503,23,0.0940104280884239,1
427,475,23,0.0923661338789615,1
427,476,23,0.109653426373285,1
427,478,23,0.107426568440516,1
427,479,23,0.0657750866995536,1
427,500,23,0.0494357639890797,1
427,501,23,0.0562524430537633,1
427,502,23,0.0689582402760689,1
427,503,23,0.0894330266146662,1
428,479,23,0.0984816132311175,1
428,480,23,0.0526461314051291,1
428,498,23,0.053615231439909,1
428,499,23,0.0639871608868247,1
428,500,23,0.0723750048572526,1
428,501,23,0.0729355606577547,1
428,502,23,0.081721206399185,1
428,503,23,0.0959676303551931,1
429,480,23,0.0597172030612425,1
429,497,23,0.053970760686148,1
429,498,23,0.0820528401269465,1
430,479,23,0.103120205266531,1
430,480,23,0.0692862671331168,1
430,481,23,0.0536359469007074,1
430,490,23,0.0474502237414041,1
430,491,23,0.0500646699896045,1
430,492,23,0.051617169339406,1
430,493,23,0.0508800872747293,1
430,494,23,0.0504769293007172,1
430,495,23,0.0536781472880564,1
430,496,23,0.060037150527892,1
430,497,23,0.0726453157714317,1
431,480,23,0.0835283929015245,1
431,481,23,0.0603051951249728,1
431,482,23,0.0505722468707752,1
431,483,23,0.0476396836428125,1
431,484,23,0.0479989520116913,1
431,485,23,0.0484981940157879,1
431,487,23,0.0476322264376121,1
431,488,23,0.0515122154130915,1
431,489,23,0.0590125287299275,1
431,490,23,0.0656316715085299,1
431,491,23,0.0692188487080285,1
431,492,23,0.0714131005295463,1
431,493,23,0.0696401913218883,1
431,494,23,0.0692536670333171,1
431,495,23,0.0720848922228557,1
431,496,23,0.0784705382143624,1
431,497,23,0.0889309622342361,1
432,483,23,0.0529031690350822,1
432,484,23,0.0528152515614384,1
432,485,23,0.055258750172168,1
432,486,23,0.0567986435088254,1
432,487,23,0.0595037604753144,1
432,488,23,0.0664065235210291,1
432,489,23,0.0774509059208851,1
432,490,23,0.0851977789082512,1
432,491,23,0.0865081550385002,1
432,492,23,0.0877282632176903,1
432,493,23,0.0871406859440922,1
432,494,23,0.0888650166146892,1
432,495,23,0.0895502559243092,1
432,496,23,0.0966619289217553,1
432,497,23,0.106384266964604,1
433,489,23,0.0893582682076757,1
433,490,23,0.098670523084742,1
433,491,23,0.0938412898977611,1
433,492,23,0.0891843629362198,1
433,493,23,0.0884500160818342,1
433,494,23,0.0922772185044202,1
402,476,24,0.0911208858108976,1
402,477,24,0.0904121116698715,1
402,478,24,0.0898697104519611,1
402,479,24,0.0865986033330948,1
402,480,24,0.0848973806808695,1
402,481,24,0.0805468754208016,1
403,475,24,0.132104922137761,1
403,476,24,0.127335027985469,1
403,477,24,0.142897484847296,1
403,478,24,0.141655855672848,1
403,479,24,0.107069175644408,1
403,480,24,0.0769914687408386,1
403,481,24,0.0634459379133474,1
403,482,24,0.0599829212267131,1
403,483,24,0.0616490610497975,1
403,484,24,0.0632968419009498,1
404,474,24,0.148453424334201,1
404,475,24,0.168995983773506,1
404,476,24,0.211138492870515,1
404,477,24,0.287090798112962,2
404,478,24,0.283421360215389,2
404,479,24,0.185015767796012,1
404,480,24,0.105769211347619,1
404,481,24,0.0682090932288553,1
404,482,24,0.0524165961643671,1
404,483,24,0.0504757089761258,1
404,484,24,0.0528092581446026,1
404,485,24,0.0560067309978509,1
404,486,24,0.0598160974447581,1
405,473,24,0.0736228198149743,1
405,474,24,0.113300970565627,1
405,475,24,0.156640768373111,1
405,476,24,0.250994077614472,2
405,477,24,0.347794360085349,2
405,478,24,0.33071710168413,2
405,479,24,0.219670497451914,2
405,480,24,0.130734587793349,1
405,481,24,0.0811103648094841,1
405,482,24,0.0553384680263896,1
405,483,24,0.0486925171812084,1
405,484,24,0.0478126360992549,1
405,485,24,0.0505466982032205,1
405,486,24,0.0542535393500938,1
405,487,24,0.0591687663463381,1
405,488,24,0.062791801852181,1
405,489,24,0.0640531065063716,1
406,472,24,0.053265040362326,1
406,473,24,0.0618281722379834,1
406,474,24,0.0796362367488379,1
406,475,24,0.119262803236835,1
406,476,24,0.191616521545426,1
406,477,24,0.231559440652261,2
406,478,24,0.205269416891158,2
406,479,24,0.146436197727306,1
406,480,24,0.0986439584819364,1
406,481,24,0.0716652989412921,1
406,482,24,0.0535850780007433,1
406,486,24,0.0503098289920076,1
406,487,24,0.0549252889632449,1
406,488,24,0.0565660304050545,1
406,489,24,0.0554181197546482,1
406,490,24,0.0550340301038086,1
406,491,24,0.0567217810939187,1
407,472,24,0.0536805278227274,1
407,473,24,0.0589557986650539,1
407,474,24,0.0669790902010075,1
407,475,24,0.0890780864906437,1
407,476,24,0.118594414024898,1
407,477,24,0.114189583280433,1
407,478,24,0.0898297042442961,1
407,479,24,0.0678859356472707,1
407,480,24,0.0527301895271094,1
407,486,24,0.0476421303034465,1
407,487,24,0.0545524647719342,1
407,488,24,0.0563979742756057,1
407,489,24,0.0514471955570278,1
407,490,24,0.0487956526435381,1
407,491,24,0.05053052138807,1
407,492,24,0.0554703833112881,1
407,493,24,0.0626540734939824,1
407,494,24,0.0723197596208227,1
407,495,24,0.0870846171388493,1
408,471,24,0.048994592603472,1
408,472,24,0.0562327315053135,1
408,473,24,0.0609406295614892,1
408,474,24,0.0627387507954352,1
408,475,24,0.067680698692216,1
408,476,24,0.0709911146904093,1
408,477,24,0.0606266334315172,1
408,487,24,0.0476787490583663,1
408,488,24,0.0502338202031697,1
408,492,24,0.0478862944106777,1
408,493,24,0.0602867760385287,1
408,494,24,0.0843349613304986,1
408,495,24,0.12009576193653,1
408,496,24,0.121826518848448,1
408,497,24,0.106396422118909,1
409,471,24,0.0500623856381526,1
409,472,24,0.0570422996484311,1
409,473,24,0.060131836895575,1
409,474,24,0.0569821731136355,1
409,475,24,0.0539709710869396,1
409,476,24,0.0501051180389319,1
409,493,24,0.0577017618553512,1
409,494,24,0.102557473320699,1
409,495,24,0.171744130707608,1
409,496,24,0.173277315264739,1
410,471,24,0.0490989183331371,1
410,472,24,0.053296792847508,1
410,473,24,0.054550234523543,1
410,474,24,0.05022060402773,1
410,494,24,0.0820997895607351,1
410,495,24,0.140104720922466,1
411,469,24,0.0473165651356607,1
411,470,24,0.0480448163785402,1
411,471,24,0.0487094153705016,1
411,472,24,0.0487717120391766,1
411,473,24,0.0489526867772312,1
411,494,24,0.0479538510991434,1
411,495,24,0.067989422779495,1
411,496,24,0.0853241576466044,1
412,469,24,0.0518953071630336,1
412,470,24,0.0528264869637112,1
412,471,24,0.0516434694383593,1
412,472,24,0.0483629634155584,1
412,496,24,0.0479872477162256,1
412,497,24,0.0687342415818523,1
412,500,24,0.106232622096902,1
412,501,24,0.119230521743948,1
413,468,24,0.0608527481565524,1
413,469,24,0.0580584873803769,1
413,470,24,0.0556765099611189,1
413,471,24,0.0519889595611121,1
413,472,24,0.0474501125295571,1
413,499,24,0.0597147383662549,1
413,500,24,0.0962229426986549,1
413,501,24,0.130961147365772,1
413,502,24,0.115303877895788,1
414,467,24,0.0655773099554249,1
414,468,24,0.0672341139948123,1
414,469,24,0.0629131189486328,1
414,470,24,0.055935801885268,1
414,471,24,0.0502629817528892,1
414,499,24,0.0525009668818093,1
414,500,24,0.0854192708273219,1
414,501,24,0.129880035960982,1
414,502,24,0.136664559773254,1
414,503,24,0.111554836361566,1
415,467,24,0.0668375686171085,1
415,468,24,0.0683469177702729,1
415,469,24,0.061888358887291,1
415,470,24,0.0542583665453989,1
415,471,24,0.0489089384412009,1
415,500,24,0.0679267654237486,1
415,501,24,0.108149842201811,1
416,467,24,0.0696764704298159,1
416,468,24,0.0658912760281409,1
416,469,24,0.0597652345562453,1
416,470,24,0.0557347909803994,1
416,471,24,0.0529982040669343,1
416,472,24,0.0474465236931971,1
416,500,24,0.0537802878552142,1
416,501,24,0.0815788852922777,1
417,467,24,0.0751069569418507,1
417,468,24,0.075759313613465,1
417,469,24,0.0756534339236675,1
417,470,24,0.0686150886078287,1
417,471,24,0.0620903075785451,1
417,472,24,0.0513297438236908,1
417,501,24,0.067358130232848,1
418,467,24,0.0823316151644002,1
418,470,24,0.103485124399528,1
418,471,24,0.0760913380855538,1
418,472,24,0.0550908022488406,1
418,501,24,0.0630693685879457,1
419,467,24,0.0856118055860136,1
419,471,24,0.0954246279921638,1
419,472,24,0.0612940367654584,1
419,501,24,0.0590619969617645,1
420,468,24,0.10754607609016,1
420,470,24,0.133204067896119,1
420,471,24,0.11008536116414,1
420,472,24,0.0859811251012809,1
420,473,24,0.0598051566035936,1
420,501,24,0.0513621515570524,1
420,502,24,0.0712682425902372,1
421,468,24,0.0807302667622343,1
421,469,24,0.0901640311021904,1
421,470,24,0.107320730830877,1
421,471,24,0.139678052162853,1
421,472,24,0.149461063782555,1
421,473,24,0.0973371832109498,1
421,474,24,0.0519774957236941,1
421,502,24,0.0587090105593785,1
421,503,24,0.0765180970169352,1
422,469,24,0.073656784514194,1
422,470,24,0.0990463650245498,1
422,471,24,0.166463623891296,1
422,472,24,0.207520825590584,1
422,473,24,0.138718480278208,1
422,474,24,0.0694117922454011,1
422,502,24,0.0561214415094456,1
422,503,24,0.0741703668351027,1
422,504,24,0.094835950622998,1
422,505,24,0.115651075270679,1
423,470,24,0.0824997314083609,1
423,471,24,0.12079621622911,1
423,472,24,0.151461746875777,1
423,473,24,0.118402973350323,1
423,474,24,0.0795833059211159,1
423,475,24,0.0562953708267063,1
423,502,24,0.0580504500701368,1
423,503,24,0.0835924268795932,1
423,504,24,0.113694528252089,1
424,471,24,0.0770499301036547,1
424,472,24,0.0854163252162391,1
424,473,24,0.0857574570368797,1
424,474,24,0.0897386307587779,1
424,475,24,0.0791694776212428,1
424,476,24,0.055998988248719,1
424,502,24,0.0600234864993386,1
424,503,24,0.0963754472038769,1
425,472,24,0.0624296479867313,1
425,473,24,0.0752616195580496,1
425,474,24,0.103129030076877,1
425,475,24,0.100063833195599,1
425,476,24,0.0671586702823862,1
425,502,24,0.0582143582982649,1
425,503,24,0.0923142069635881,1
426,474,24,0.0929376004633723,1
426,475,24,0.0923463441816462,1
426,476,24,0.0792590422325125,1
426,478,24,0.0624060049492037,1
426,502,24,0.0585289435504535,1
426,503,24,0.0836493974025145,1
427,475,24,0.0902641157530415,1
427,479,24,0.069377400733147,1
427,501,24,0.0512620969634573,1
427,502,24,0.062397504757222,1
427,503,24,0.0813028875452734,1
427,504,24,0.108600881384546,1
428,480,24,0.0521514671211131,1
428,498,24,0.0503527537592249,1
428,499,24,0.058731601592948,1
428,500,24,0.0645405750833139,1
428,501,24,0.0665693496879432,1
428,502,24,0.0756692560631978,1
428,503,24,0.0896519396211766,1
429,480,24,0.0600741870786694,1
429,481,24,0.0473320987255339,1
429,497,24,0.0541779814200952,1
429,498,24,0.0808459150602145,1
430,479,24,0.104377380053755,1
430,480,24,0.0712004514551752,1
430,481,24,0.0549422893472083,1
430,482,24,0.0479551826355818,1
430,491,24,0.0511319129765013,1
430,492,24,0.0523958927264711,1
430,493,24,0.0508389990058502,1
430,494,24,0.0501172611703343,1
430,495,24,0.053747735847024,1
430,496,24,0.0601854890974398,1
430,497,24,0.0726668608124943,1
431,480,24,0.084309286422469,1
431,481,24,0.0605127464887354,1
431,482,24,0.0513582861939377,1
431,483,24,0.0486500192270255,1
431,484,24,0.0491467544559762,1
431,485,24,0.0495352354719095,1
431,486,24,0.0474884866282242,1
431,488,24,0.0495554700166128,1
431,489,24,0.0566490064658207,1
431,490,24,0.0667381993289489,1
431,491,24,0.0729006701950519,1
431,492,24,0.0737263069471985,1
431,493,24,0.0687928532309482,1
431,494,24,0.0667901863588342,1
431,495,24,0.0695008999863805,1
431,496,24,0.0748519511823996,1
431,497,24,0.0839985845677488,1
432,483,24,0.0542383063327801,1
432,484,24,0.0541512424852051,1
432,485,24,0.0561482946619083,1
432,486,24,0.0571632740921651,1
432,487,24,0.0586066956601362,1
432,488,24,0.0636650492977471,1
432,489,24,0.0751900652545431,1
432,490,24,0.0874629898996078,1
432,491,24,0.0910445884724027,1
432,492,24,0.0896440165285091,1
432,493,24,0.0838556262470154,1
432,494,24,0.0820544932760235,1
432,495,24,0.0827126930781939,1
432,496,24,0.0868332002157582,1
432,497,24,0.0926185847716572,1
432,498,24,0.103399160647521,1
433,489,24,0.0866453664118966,1
433,490,24,0.0986382235575018,1
433,491,24,0.0948306425115978,1
433,492,24,0.0896149812192647,1
433,493,24,0.0854534459273332,1
433,494,24,0.0861360341869786,1
433,495,24,0.088555679359389,1
402,476,25,0.0891976662777017,1
402,477,25,0.0857875323271799,1
402,478,25,0.086286645085076,1
402,479,25,0.0914979360523945,1
402,480,25,0.0945701603201131,1
402,481,25,0.0895226333060943,1
403,475,25,0.113982645084691,1
403,476,25,0.11179100223299,1
403,477,25,0.126804469326402,1
403,478,25,0.134865055905534,1
403,479,25,0.105879196858579,1
403,480,25,0.0750225080755431,1
403,481,25,0.0625971089825123,1
403,482,25,0.0602526129614198,1
403,483,25,0.063261542659566,1
403,484,25,0.0656900907911878,1
404,474,25,0.11481476218122,1
404,475,25,0.145566809633403,1
404,476,25,0.178954842363399,1
404,477,25,0.249938803426893,1
404,478,25,0.262225897062411,1
404,479,25,0.17318326009943,1
404,480,25,0.0961503724598974,1
404,481,25,0.0645267908257368,1
404,482,25,0.0517549277548605,1
404,483,25,0.0500496413616312,1
404,484,25,0.0527393269329172,1
404,485,25,0.0573226797433524,1
404,486,25,0.0632722791113902,1
405,473,25,0.0657285099757387,1
405,474,25,0.0996848833355263,1
405,475,25,0.143730647936331,1
405,476,25,0.225730689487482,1
405,477,25,0.320514081992732,2
405,478,25,0.296062119547277,2
405,479,25,0.186555144147867,1
405,480,25,0.112670814183254,1
405,481,25,0.0777422509027757,1
405,482,25,0.055537693530255,1
405,483,25,0.0480690244924796,1
405,485,25,0.0501542255836975,1
405,486,25,0.0553534966543629,1
405,487,25,0.0621761330671751,1
405,488,25,0.0675837760646905,1
405,489,25,0.068621448723187,1
406,472,25,0.0541422433427747,1
406,473,25,0.0636477904213825,1
406,474,25,0.0787003920620374,1
406,475,25,0.109794791659453,1
406,476,25,0.171055050080678,1
406,477,25,0.215196366698138,1
406,478,25,0.173412152114915,1
406,479,25,0.114783057787647,1
406,480,25,0.0860971220634301,1
406,481,25,0.0714669811665563,1
406,482,25,0.0549473389662074,1
406,486,25,0.0500615650750652,1
406,487,25,0.056192039992213,1
406,488,25,0.0586303867892733,1
406,489,25,0.0572921115140547,1
406,490,25,0.0554439269146039,1
406,491,25,0.0555660014539055,1
407,472,25,0.0638139349093531,1
407,473,25,0.0707281137008763,1
407,474,25,0.0714329383184711,1
407,475,25,0.0805536142575848,1
407,476,25,0.096846588679389,1
407,477,25,0.0991653436664889,1
407,478,25,0.0764306063563257,1
407,479,25,0.0577781794228699,1
407,480,25,0.0493943961877204,1
407,486,25,0.0489150070011765,1
407,487,25,0.0588798860594351,1
407,488,25,0.0604076362646901,1
407,489,25,0.0522968360337734,1
407,490,25,0.0477140753512804,1
407,491,25,0.0487538069318092,1
407,492,25,0.0547189759584273,1
407,493,25,0.0649076222700317,1
407,494,25,0.0810908816961795,1
407,495,25,0.104787060452307,1
408,471,25,0.057954849961873,1
408,472,25,0.0715977121955705,1
408,473,25,0.0761097451490955,1
408,474,25,0.0683095686240336,1
408,475,25,0.0632117017177554,1
408,476,25,0.0585535784774273,1
408,477,25,0.0520820228369741,1
408,487,25,0.0510035023676461,1
408,488,25,0.0525431672691584,1
408,493,25,0.0637261556990866,1
408,494,25,0.109206450931554,1
408,495,25,0.170476087216635,1
408,496,25,0.145243477719734,1
408,497,25,0.107311268806705,1
409,471,25,0.0569749713951107,1
409,472,25,0.0660384002845484,1
409,473,25,0.0675319573554385,1
409,474,25,0.058737252357066,1
409,475,25,0.0518873299673054,1
409,493,25,0.0587934894829421,1
409,494,25,0.118430746254818,1
409,495,25,0.199963974575313,1
409,496,25,0.171423912725655,1
409,497,25,0.137897424251868,1
410,470,25,0.0511447414133393,1
410,471,25,0.0549671226520714,1
410,472,25,0.0571646206572315,1
410,473,25,0.0562117395177604,1
410,474,25,0.050123092277988,1
410,494,25,0.0778453172334167,1
410,495,25,0.12427174875712,1
410,496,25,0.125832441714893,1
411,469,25,0.053133076985818,1
411,470,25,0.0575036905501142,1
411,471,25,0.058288882258659,1
411,472,25,0.0530776273600476,1
411,473,25,0.050408606152225,1
411,495,25,0.0572207014853767,1
411,496,25,0.0732660281639855,1
411,497,25,0.107983204774843,1
411,500,25,0.10821231320257,1
412,469,25,0.0599588273303463,1
412,470,25,0.0654969248301212,1
412,471,25,0.0631353442647485,1
412,472,25,0.0522452096909595,1
412,473,25,0.0475925448483114,1
412,497,25,0.06259189104288,1
412,498,25,0.0709666540955199,1
412,499,25,0.0747799640544074,1
412,500,25,0.0975142505057314,1
412,501,25,0.122167945230197,1
413,468,25,0.0658757604726213,1
413,469,25,0.0633728687241411,1
413,470,25,0.0617399241345242,1
413,471,25,0.0563518965022395,1
413,472,25,0.0483516859331273,1
413,499,25,0.0551855908111939,1
413,500,25,0.086331003583402,1
413,501,25,0.120236057184386,1
413,502,25,0.114549729321185,1
414,468,25,0.0727453703650269,1
414,469,25,0.0668379293041798,1
414,470,25,0.0574454876796991,1
414,471,25,0.0507501738030768,1
414,499,25,0.0497596038703743,1
414,500,25,0.074220989265568,1
414,501,25,0.108999945560298,1
414,502,25,0.131122843379863,1
414,503,25,0.127582675728665,1
415,467,25,0.0703276969486066,1
415,468,25,0.0771348538746063,1
415,469,25,0.0677383485091216,1
415,470,25,0.0562486137593557,1
415,471,25,0.049813129831764,1
415,500,25,0.0601606377582231,1
415,501,25,0.094713292972931,1
415,502,25,0.140927267788702,1
415,503,25,0.152473185561283,1
416,467,25,0.0719782490787571,1
416,468,25,0.0711987682488422,1
416,469,25,0.0640560220601984,1
416,470,25,0.0577896733175439,1
416,471,25,0.0545250766003156,1
416,472,25,0.0483296539645184,1
416,500,25,0.0496943585848909,1
416,501,25,0.0751227189668691,1
416,502,25,0.112801947979498,1
417,467,25,0.0788583008618786,1
417,470,25,0.0732737949589221,1
417,471,25,0.0630152234470834,1
417,472,25,0.0505350059306573,1
417,501,25,0.0647919198689908,1
418,471,25,0.0724717471412424,1
418,472,25,0.0521545269497685,1
418,501,25,0.0618359270100177,1
419,471,25,0.0809312836785541,1
419,472,25,0.0552628259360743,1
419,501,25,0.0570357291322812,1
419,502,25,0.0839800452522809,1
420,470,25,0.111767100703061,1
420,471,25,0.104257042823847,1
420,472,25,0.0892195960516404,1
420,473,25,0.0629296203821475,1
420,501,25,0.0491364538343633,1
420,502,25,0.0667122238483598,1
420,503,25,0.0830422167865879,1
421,468,25,0.0757097852671162,1
421,469,25,0.0811039926712234,1
421,470,25,0.106751314151322,1
421,471,25,0.165494650096991,1
421,472,25,0.188093462484313,1
421,473,25,0.111504472423502,1
421,474,25,0.053929293695844,1
421,502,25,0.0567491271853789,1
421,503,25,0.0739089107885254,1
421,504,25,0.0943144692552264,1
421,505,25,0.110496832975147,1
422,469,25,0.0747049832237229,1
422,470,25,0.112004324589894,1
422,471,25,0.21937862947377,1
422,472,25,0.277050640657185,1
422,473,25,0.164339814254815,1
422,474,25,0.0754945572801848,1
422,502,25,0.0546657686039506,1
422,503,25,0.0722954553236642,1
422,504,25,0.0930094853966942,1
422,505,25,0.115088896378356,1
423,470,25,0.0861922893472083,1
423,471,25,0.13484789922384,1
423,472,25,0.170063930100192,1
423,473,25,0.123971092037338,1
423,474,25,0.0865770162118739,1
423,475,25,0.0636538439527302,1
423,502,25,0.0547586996278864,1
423,503,25,0.0749127209424724,1
423,504,25,0.104797796904131,1
424,471,25,0.0742961083596298,1
424,472,25,0.079905369418584,1
424,473,25,0.0809411184126999,1
424,474,25,0.0863378686606602,1
424,475,25,0.0793359707733823,1
424,476,25,0.0603258925514176,1
424,502,25,0.0553339955067047,1
424,503,25,0.0808691132503541,1
425,472,25,0.0600190801056169,1
425,473,25,0.0680842173532994,1
425,474,25,0.0857219113259972,1
425,475,25,0.0856025960427915,1
425,476,25,0.0667139431234,1
425,477,25,0.0501910667623113,1
425,502,25,0.0549225477415026,1
425,503,25,0.081644368030083,1
426,474,25,0.0810353960017021,1
426,475,25,0.0840166670129263,1
426,479,25,0.0520286591847664,1
426,502,25,0.0568609341660492,1
426,503,25,0.0779411277424721,1
427,501,25,0.051057509245131,1
427,502,25,0.0619489963954377,1
427,503,25,0.0783052353295583,1
427,504,25,0.101526785968484,1
428,480,25,0.0547987479157096,1
428,498,25,0.0487375429506165,1
428,499,25,0.0564468293394213,1
428,500,25,0.0620257325698694,1
428,501,25,0.066164472438891,1
428,502,25,0.0753819327421528,1
428,503,25,0.0880938315874155,1
429,480,25,0.0622615978687338,1
429,481,25,0.0508981035939437,1
429,497,25,0.055596912335921,1
429,498,25,0.0789597260663449,1
430,479,25,0.105659706752754,1
430,480,25,0.0722995491219242,1
430,481,25,0.0566256880466573,1
430,482,25,0.0494204648458029,1
430,490,25,0.0495052653820051,1
430,491,25,0.0553126067633731,1
430,492,25,0.0559964574277683,1
430,493,25,0.0532346103964057,1
430,494,25,0.0509114850842911,1
430,495,25,0.0543681115983112,1
430,496,25,0.061503367518773,1
430,497,25,0.0756357422228173,1
431,480,25,0.0809887230946681,1
431,481,25,0.0601801509287836,1
431,482,25,0.0518735216639235,1
431,483,25,0.0496352269452671,1
431,484,25,0.0503751073404724,1
431,485,25,0.050867090517258,1
431,486,25,0.0491472263548945,1
431,487,25,0.0482459655467862,1
431,488,25,0.0504662830206609,1
431,489,25,0.0572402146559372,1
431,490,25,0.0705410253169622,1
431,491,25,0.0793723400530778,1
431,492,25,0.0786554444414948,1
431,493,25,0.0707894305030075,1
431,494,25,0.0654589384700558,1
431,495,25,0.0680258882424094,1
431,496,25,0.073848694081962,1
431,497,25,0.0841144733237766,1
431,498,25,0.108333852722716,1
432,483,25,0.0571338480385933,1
432,484,25,0.056426624851974,1
432,485,25,0.0570216863823029,1
432,486,25,0.0574950340604015,1
432,487,25,0.0585323159745707,1
432,488,25,0.0632533791088509,1
432,489,25,0.0752108889214629,1
432,490,25,0.0934821778266132,1
432,491,25,0.0986069940685732,1
432,492,25,0.0944810946592921,1
432,493,25,0.0844267982703179,1
432,494,25,0.0783833000347029,1
432,495,25,0.0795876221430698,1
432,496,25,0.0829866108630866,1
432,497,25,0.086653097138126,1
432,498,25,0.0965105425464546,1
433,488,25,0.069318566660357,1
433,489,25,0.0825550728280098,1
433,490,25,0.0992259210601237,1
433,491,25,0.096140104901266,1
433,492,25,0.0908072323336434,1
433,493,25,0.0847528714057293,1
433,494,25,0.0834049958429613,1
433,495,25,0.0878045966248924,1
434,489,25,0.0827407906010528,1
434,490,25,0.096714180455493,1
402,476,26,0.0883407098648587,1
402,477,26,0.0821557261140518,1
402,478,26,0.0847835237953437,1
402,479,26,0.0952440079297293,1
402,480,26,0.100973263565874,1
402,481,26,0.0926757236152117,1
403,475,26,0.0987142383577908,1
403,476,26,0.0999055156170769,1
403,477,26,0.112515899086106,1
403,478,26,0.124165105613022,1
403,479,26,0.102015468858567,1
403,480,26,0.0735914761084731,1
403,481,26,0.0609990127754399,1
403,482,26,0.0598184779794291,1
403,483,26,0.0631769314840763,1
404,474,26,0.0957093904350021,1
404,475,26,0.126172978401866,1
404,476,26,0.149124097897589,1
404,477,26,0.205407704314318,1
404,478,26,0.220041379944491,1
404,479,26,0.1496609445346,1
404,480,26,0.0864128735371494,1
404,481,26,0.0614553420352215,1
404,482,26,0.051532359786027,1
404,483,26,0.0494168429464613,1
404,484,26,0.0527502016481187,1
404,485,26,0.0584575034645195,1
404,486,26,0.0661766877077077,1
405,473,26,0.0619329337978598,1
405,474,26,0.0914640014104307,1
405,475,26,0.130831239905571,1
405,476,26,0.191208620536425,1
405,477,26,0.271222803232987,1
405,478,26,0.244361859929532,1
405,479,26,0.151255530054178,1
405,480,26,0.094763272178119,1
405,481,26,0.0722836909136867,1
405,482,26,0.0545841751769579,1
405,485,26,0.0496777790025108,1
405,486,26,0.0561816041129483,1
405,487,26,0.0637930992195309,1
405,488,26,0.070505870350407,1
406,472,26,0.0550448567274006,1
406,473,26,0.0663576504228599,1
406,474,26,0.0784953414619695,1
406,475,26,0.102133942538606,1
406,476,26,0.147130255835821,1
406,477,26,0.187877951959175,1
406,478,26,0.144910635690284,1
406,479,26,0.0938447104134878,1
406,480,26,0.0748231322853979,1
406,481,26,0.0670691417398236,1
406,482,26,0.0531410421586438,1
406,486,26,0.0498973141942193,1
406,487,26,0.0573661906270607,1
406,488,26,0.0605421545079536,1
406,489,26,0.0589334721353367,1
406,490,26,0.0560617117304284,1
406,491,26,0.0551976317479261,1
407,471,26,0.0567230194528637,1
407,472,26,0.0747322511663177,1
407,473,26,0.084224921716478,1
407,474,26,0.075138973930885,1
407,475,26,0.075807513429101,1
407,476,26,0.0849164009124325,1
407,477,26,0.0887586620202477,1
407,478,26,0.068596459120593,1
407,479,26,0.052884076666105,1
407,486,26,0.0487984599912435,1
407,487,26,0.0612591523142067,1
407,488,26,0.0625557982899393,1
407,489,26,0.0532500297687063,1
407,491,26,0.0474842365322333,1
407,492,26,0.0546851374996826,1
407,493,26,0.0682875065981688,1
407,494,26,0.0955775953791273,1
407,495,26,0.134280490368982,1
408,471,26,0.068295417667934,1
408,472,26,0.0882329065106806,1
408,473,26,0.0917490524029261,1
408,474,26,0.0714688026362666,1
408,475,26,0.0600294859276256,1
408,476,26,0.0541782158666916,1
408,477,26,0.0494711534022313,1
408,487,26,0.0515350108360015,1
408,488,26,0.0519325120344444,1
408,493,26,0.0682368060188381,1
408,494,26,0.144435202038623,1
408,495,26,0.244159947306985,1
408,496,26,0.179241372172887,1
408,497,26,0.110181063467074,1
409,470,26,0.0535825712255974,1
409,471,26,0.0653752831153052,1
409,472,26,0.074218097757546,1
409,473,26,0.0722537238295079,1
409,474,26,0.058114532139815,1
409,475,26,0.0501156200441596,1
409,493,26,0.0594328013054756,1
409,494,26,0.131947698643355,1
409,495,26,0.227556968358799,1
409,496,26,0.172647651821364,1
409,497,26,0.128115109960503,1
409,498,26,0.14482181048751,1
409,499,26,0.123717300591027,1
410,470,26,0.0570976230337265,1
410,471,26,0.0629453343155564,1
410,472,26,0.0619899644352929,1
410,473,26,0.0571587594923219,1
410,474,26,0.0494101341669341,1
410,494,26,0.072000058623672,1
410,495,26,0.109875260945073,1
410,496,26,0.108158029798331,1
410,497,26,0.130244137536617,1
410,500,26,0.0949780613291136,1
411,469,26,0.0640931848514508,1
411,470,26,0.0679223409956733,1
411,471,26,0.0699832107382024,1
411,472,26,0.0591533229282327,1
411,473,26,0.0518601161277713,1
411,495,26,0.0473731058398219,1
411,496,26,0.0634392772254296,1
411,497,26,0.091173510054609,1
411,498,26,0.108641290359441,1
411,499,26,0.0966862933334257,1
411,500,26,0.09284655703511,1
411,501,26,0.0982751499400202,1
412,469,26,0.0775708163377585,1
412,470,26,0.0780941131637893,1
412,471,26,0.0727446249450794,1
412,472,26,0.0554171519110067,1
412,473,26,0.0477234532151357,1
412,497,26,0.0550838469998146,1
412,498,26,0.0585978708497903,1
412,499,26,0.062779225896293,1
412,500,26,0.0861800620554893,1
412,501,26,0.113472874023837,1
412,502,26,0.108692868610645,1
413,468,26,0.0773437157347282,1
413,469,26,0.0754177068881805,1
413,470,26,0.0683495628087962,1
413,471,26,0.0585970412695262,1
413,472,26,0.0482517275227512,1
413,499,26,0.0505535272117716,1
413,500,26,0.0742851675184653,1
413,501,26,0.103152775309075,1
413,502,26,0.109208194252399,1
414,468,26,0.0810469319765344,1
414,469,26,0.0730183924436924,1
414,470,26,0.0599712950801129,1
414,471,26,0.0512036295891899,1
414,500,26,0.0632854021093365,1
414,501,26,0.0900099155280497,1
414,502,26,0.121620770920043,1
414,503,26,0.137928731889662,1
415,467,26,0.0771131044442033,1
415,468,26,0.0888575984839216,1
415,469,26,0.0751488327108355,1
415,470,26,0.059636505340477,1
415,471,26,0.0511855110753053,1
415,500,26,0.0531270535117263,1
415,501,26,0.0813959628440378,1
415,502,26,0.131286018210946,1
415,503,26,0.160100406624177,1
416,467,26,0.0769923464127122,1
416,468,26,0.0819829630183218,1
416,469,26,0.0743053359372054,1
416,470,26,0.0654321153748491,1
416,471,26,0.0579281350727876,1
416,472,26,0.0485205415855842,1
416,501,26,0.0670075664452914,1
416,502,26,0.0996524154876528,1
416,503,26,0.123628487411156,1
416,504,26,0.110433231821564,1
417,467,26,0.0825031278782828,1
417,470,26,0.0878387416676477,1
417,471,26,0.0682132471416271,1
417,472,26,0.0495278203468675,1
417,501,26,0.0610011889207704,1
417,502,26,0.0912111838192125,1
417,504,26,0.115304791636369,1
418,471,26,0.0764575196233003,1
418,472,26,0.0497549149384466,1
418,501,26,0.0604141586892305,1
418,502,26,0.094972771252067,1
419,472,26,0.0498889342312614,1
419,501,26,0.0551392785912313,1
419,502,26,0.0805637736100948,1
419,503,26,0.0946550359994552,1
419,504,26,0.0952450238649803,1
420,471,26,0.0993526003710364,1
420,472,26,0.0879707952159236,1
420,473,26,0.0595721647783977,1
420,501,26,0.0472263633105648,1
420,502,26,0.0631778271903035,1
420,503,26,0.0765929395842423,1
420,504,26,0.0895427716675785,1
421,468,26,0.0727396835322018,1
421,469,26,0.0745686374992979,1
421,470,26,0.105197161652443,1
421,471,26,0.176882021855905,1
421,472,26,0.202567125306728,1
421,473,26,0.108958370363873,1
421,474,26,0.0498501243023831,1
421,502,26,0.0549853493720775,1
421,503,26,0.0715498189639451,1
421,504,26,0.0900151755478404,1
421,505,26,0.103929875604319,1
422,469,26,0.0735559664662978,1
422,470,26,0.115455594900904,1
422,471,26,0.235735187014804,1
422,472,26,0.295244081269434,1
422,473,26,0.160925959216007,1
422,474,26,0.0709640270913502,1
422,502,26,0.0529483090220629,1
422,503,26,0.0711496186239182,1
422,504,26,0.093239014626005,1
422,505,26,0.115571916481418,1
423,470,26,0.0865036043699499,1
423,471,26,0.132989410997051,1
423,472,26,0.164721240832777,1
423,473,26,0.114229018400235,1
423,474,26,0.0824362204265457,1
423,475,26,0.0626466673861171,1
423,502,26,0.0517852134459523,1
423,503,26,0.0706875965198603,1
423,504,26,0.102769725639291,1
424,471,26,0.0718797875197272,1
424,472,26,0.0743638574145335,1
424,473,26,0.0733101341813615,1
424,474,26,0.0775435784524197,1
424,475,26,0.0743474100840795,1
424,476,26,0.0626042265407205,1
424,502,26,0.0515661862218693,1
424,503,26,0.0727650879249278,1
425,472,26,0.0592171705513145,1
425,473,26,0.062196133165282,1
425,474,26,0.0717279382626848,1
425,475,26,0.0775752708230898,1
425,476,26,0.0750559978701188,1
425,477,26,0.0623137712536059,1
425,502,26,0.0520849684480568,1
425,503,26,0.0752522717514502,1
426,474,26,0.0731566678439493,1
426,475,26,0.0838930715764737,1
426,479,26,0.0560023366270315,1
426,502,26,0.0543743635075481,1
426,503,26,0.0737896916885387,1
426,504,26,0.103645473848552,1
427,501,26,0.0491063454810815,1
427,502,26,0.0593551393675607,1
427,503,26,0.0745632812962882,1
428,480,26,0.0583442176668567,1
428,499,26,0.0538451033219375,1
428,500,26,0.0600187013841919,1
428,501,26,0.0651668901483761,1
428,502,26,0.0729011030195375,1
428,503,26,0.0844612979886935,1
429,480,26,0.0653675584005269,1
429,481,26,0.052817145168563,1
429,497,26,0.053842007424575,1
429,498,26,0.0732223429481926,1
429,499,26,0.0965973298672749,1
429,502,26,0.10256400175669,1
430,479,26,0.106543606489828,1
430,480,26,0.074041240863556,1
430,481,26,0.0573683787952936,1
430,482,26,0.0496155394426221,1
430,490,26,0.048486640006602,1
430,491,26,0.0540609144196343,1
430,492,26,0.0546954230926675,1
430,493,26,0.0512621931466763,1
430,494,26,0.0489703153578439,1
430,495,26,0.0529017082524432,1
430,496,26,0.0601020561663831,1
430,497,26,0.0737436018922702,1
430,498,26,0.102901244168411,1
431,480,26,0.0792175632193062,1
431,481,26,0.0600791886060589,1
431,482,26,0.0522404185643616,1
431,483,26,0.049800427635401,1
431,484,26,0.0503419692157913,1
431,485,26,0.0510005747909169,1
431,486,26,0.0503242053775268,1
431,487,26,0.0503635563370122,1
431,488,26,0.0527961712153635,1
431,489,26,0.0587293713445568,1
431,490,26,0.0718401900907431,1
431,491,26,0.07907105213092,1
431,492,26,0.0774876058303959,1
431,493,26,0.0687709234570096,1
431,494,26,0.0626222608942885,1
431,495,26,0.0652286397749928,1
431,496,26,0.0713253814337917,1
431,497,26,0.0817958986802123,1
431,498,26,0.1016704115603,1
431,499,26,0.125885859470161,1
432,483,26,0.0586009487127992,1
432,484,26,0.0573905309929263,1
432,485,26,0.057021530084572,1
432,486,26,0.0577011967789394,1
432,487,26,0.0594235136133881,1
432,488,26,0.0648150880018744,1
432,489,26,0.0775091148027513,1
432,490,26,0.0986952481834837,1
432,491,26,0.100549540417343,1
432,492,26,0.0933176383961102,1
432,493,26,0.0822965744154176,1
432,494,26,0.0748459878228197,1
432,495,26,0.0758143183918474,1
432,496,26,0.0786506653377993,1
432,497,26,0.0815615843357548,1
432,498,26,0.0897704553813742,1
433,489,26,0.083081561734622,1
433,490,26,0.10444452796354,1
433,491,26,0.0999603340404724,1
433,492,26,0.0916610868376727,1
433,493,26,0.0851764743252362,1
433,494,26,0.083383396698838,1
433,495,26,0.0885496077936878,1
433,496,26,0.093594255322587,1
434,490,26,0.0961567866783164,1
402,476,27,0.0874074561135208,1
402,477,27,0.0818867858107437,1
402,478,27,0.0887514061986622,1
402,479,27,0.101159702713059,1
402,480,27,0.107316835410506,1
403,475,27,0.087903683374846,1
403,476,27,0.0912109854413232,1
403,477,27,0.101460395501549,1
403,478,27,0.11200147516203,1
403,479,27,0.0956238054044197,1
403,480,27,0.0727937685585521,1
403,481,27,0.0618528552565668,1
403,482,27,0.0607551342121402,1
404,474,27,0.085276739319623,1
404,475,27,0.108510168586099,1
404,476,27,0.12200864177368,1
404,477,27,0.16038595055567,1
404,478,27,0.17125506308465,1
404,479,27,0.120666741593394,1
404,480,27,0.075625222183236,1
404,481,27,0.0581410967426206,1
404,482,27,0.0517559797588187,1
404,483,27,0.0503084223124293,1
404,484,27,0.0536853970981908,1
404,485,27,0.0603807951351297,1
404,487,27,0.0803493150889156,1
405,473,27,0.0620718584348451,1
405,474,27,0.0870210460425222,1
405,475,27,0.115868064612809,1
405,476,27,0.151044984987723,1
405,477,27,0.206823593435842,1
405,478,27,0.188834890828199,1
405,479,27,0.120529836804009,1
405,480,27,0.079219270471444,1
405,481,27,0.0635214597746389,1
405,482,27,0.0519539488693855,1
405,485,27,0.0511215552461021,1
405,486,27,0.0579566654201321,1
405,487,27,0.0651425077023522,1
405,488,27,0.070901405804311,1
405,489,27,0.071400927340888,1
406,472,27,0.0591169296027325,1
406,473,27,0.073072231000544,1
406,474,27,0.0796992307458508,1
406,475,27,0.0947675403084634,1
406,476,27,0.122108840642104,1
406,477,27,0.152382568946055,1
406,478,27,0.122103851137617,1
406,479,27,0.0825762151018426,1
406,480,27,0.067040100419128,1
406,481,27,0.06004229633011,1
406,482,27,0.0502979473587319,1
406,486,27,0.0517075635309398,1
406,487,27,0.0600353230467304,1
406,488,27,0.0635629027191381,1
406,489,27,0.0603305874947965,1
406,490,27,0.0566078580824298,1
406,493,27,0.068597697479538,1
407,471,27,0.0632038327281485,1
407,472,27,0.089851513789211,1
407,473,27,0.102207162014092,1
407,474,27,0.0801300293724314,1
407,475,27,0.0735553172295693,1
407,476,27,0.0777672465168209,1
407,477,27,0.0807293650445559,1
407,478,27,0.0652252913966804,1
407,479,27,0.0520756206414574,1
407,486,27,0.050229509992667,1
407,487,27,0.0625720953341136,1
407,488,27,0.0642953319205942,1
407,489,27,0.0550111084404237,1
407,490,27,0.0478410913034596,1
407,491,27,0.047844247315334,1
407,492,27,0.0548594635727218,1
407,493,27,0.0685053134976604,1
407,494,27,0.0980791946656017,1
407,495,27,0.144860884920241,1
407,496,27,0.120438498814638,1
408,471,27,0.081459028978465,1
408,472,27,0.107532718645617,1
408,473,27,0.107892431861884,1
408,474,27,0.0740691941115864,1
408,475,27,0.0593943099835103,1
408,476,27,0.0539327562917291,1
408,477,27,0.0507915927017712,1
408,487,27,0.0517912910231048,1
408,488,27,0.0516221107522836,1
408,493,27,0.0685073153109065,1
408,494,27,0.154039024321274,1
408,495,27,0.271474586854601,1
408,496,27,0.182158729435066,1
408,497,27,0.102298367751536,1
408,498,27,0.0984595211479967,1
409,470,27,0.0605176458214547,1
409,471,27,0.0769257756022416,1
409,472,27,0.0836981923518182,1
409,473,27,0.0767538300638733,1
409,474,27,0.0584623787514341,1
409,475,27,0.0505151140386718,1
409,493,27,0.0566538817527353,1
409,494,27,0.122056769451902,1
409,495,27,0.215845916022047,1
409,496,27,0.154202054877528,1
409,497,27,0.108391286127379,1
409,498,27,0.116833046803524,1
409,499,27,0.0986842111591001,1
410,470,27,0.0675618462907519,1
410,471,27,0.0741972259990166,1
410,472,27,0.0674992069693591,1
410,473,27,0.0584385193016637,1
410,474,27,0.0498250325051189,1
410,494,27,0.0626139831260008,1
410,495,27,0.0921684112378934,1
410,496,27,0.0908118130594497,1
410,497,27,0.101197250237188,1
410,498,27,0.11554989052426,1
410,499,27,0.096533638541924,1
410,500,27,0.0802460744261902,1
411,469,27,0.0877574247674097,1
411,470,27,0.0824689768240763,1
411,471,27,0.0825468491627828,1
411,472,27,0.0658891960660294,1
411,473,27,0.0543055985173934,1
411,474,27,0.0476114869310089,1
411,496,27,0.0565339533015082,1
411,497,27,0.0737553482678941,1
411,498,27,0.080234099615421,1
411,499,27,0.0760654587881838,1
411,500,27,0.0864270605619562,1
411,501,27,0.0963381521606983,1
412,469,27,0.104470581592994,1
412,470,27,0.0890476384903698,1
412,471,27,0.0775143147080301,1
412,472,27,0.0576913199646354,1
412,473,27,0.0496022571412193,1
412,497,27,0.0493775430843111,1
412,498,27,0.0519430861770864,1
412,499,27,0.0583079085016732,1
412,500,27,0.0815731984594526,1
412,501,27,0.106774362055181,1
412,502,27,0.111137870084172,1
413,468,27,0.0861888447856769,1
413,469,27,0.087250671455052,1
413,470,27,0.072371241688808,1
413,471,27,0.0594186443379247,1
413,472,27,0.0487087721452244,1
413,499,27,0.0491331805991907,1
413,500,27,0.0688182816694791,1
413,501,27,0.0956134897541788,1
413,502,27,0.11410783956716,1
413,503,27,0.110803633398045,1
414,468,27,0.0823294209847161,1
414,469,27,0.0737259462601271,1
414,470,27,0.0603554749027203,1
414,471,27,0.0520796663481078,1
414,500,27,0.0581872947450106,1
414,501,27,0.0833953955554119,1
414,502,27,0.120042043608702,1
414,503,27,0.142355396224847,1
415,467,27,0.0812161182588067,1
415,468,27,0.0944855792018793,1
415,469,27,0.0796295760609201,1
415,470,27,0.0621796076859626,1
415,471,27,0.0525599692752325,1
415,472,27,0.047489496552024,1
415,500,27,0.0502104025950617,1
415,501,27,0.074232958064886,1
415,502,27,0.118249272566314,1
415,503,27,0.150984918567439,1
416,467,27,0.0833676106280149,1
416,468,27,0.0996883098627042,1
416,470,27,0.0769759471738677,1
416,471,27,0.0617456229902516,1
416,472,27,0.0499070226878901,1
416,501,27,0.0635209968928973,1
416,502,27,0.0916608944712347,1
416,503,27,0.114528316532049,1
416,504,27,0.106623558790646,1
417,467,27,0.0861323191101436,1
417,471,27,0.0775702332269932,1
417,472,27,0.0519106183292128,1
417,501,27,0.0602929017072906,1
417,502,27,0.0898771586399847,1
417,503,27,0.11232445841153,1
417,504,27,0.109576648118695,1
418,472,27,0.0527666610014751,1
418,501,27,0.0599860051011732,1
418,502,27,0.0949416680036134,1
418,503,27,0.115437211883167,1
418,504,27,0.105555263799791,1
419,472,27,0.0527619360008403,1
419,501,27,0.053855340823313,1
419,502,27,0.0786399649546823,1
419,503,27,0.0922554390167613,1
419,504,27,0.0926567214180023,1
420,471,27,0.100715913340459,1
420,472,27,0.0897964969879263,1
420,473,27,0.0577552397251314,1
420,502,27,0.0622407561674604,1
420,503,27,0.0754377430549945,1
420,504,27,0.0884922525378904,1
420,505,27,0.0984151686611219,1
421,468,27,0.0745431429348039,1
421,469,27,0.0765568889114599,1
421,470,27,0.105878920331824,1
421,471,27,0.17294448525819,1
421,472,27,0.18895913550138,1
421,473,27,0.0987807189964935,1
421,502,27,0.0549233713103155,1
421,503,27,0.0713906778166102,1
421,504,27,0.0902246265301788,1
421,505,27,0.103340813502277,1
422,469,27,0.0772923478843154,1
422,470,27,0.110025931957682,1
422,471,27,0.207722810350546,1
422,472,27,0.252860248475881,1
422,473,27,0.138047337821627,1
422,474,27,0.0640489225363438,1
422,502,27,0.0520124883810671,1
422,503,27,0.0706324414551982,1
422,504,27,0.0957449902489453,1
423,470,27,0.082206474784992,1
423,471,27,0.116071924945541,1
423,472,27,0.14031733392813,1
423,473,27,0.100541749576601,1
423,474,27,0.0749914589301502,1
423,475,27,0.0582758073523222,1
423,502,27,0.0499107047017435,1
423,503,27,0.0680043612357004,1
424,471,27,0.0690747181543133,1
424,472,27,0.0696482887466403,1
424,473,27,0.0686330929041407,1
424,474,27,0.070724164177445,1
424,475,27,0.0683937589979401,1
424,476,27,0.0615632776413259,1
424,477,27,0.0486145967508924,1
424,502,27,0.049974191637754,1
424,503,27,0.067714579231119,1
425,472,27,0.0590376385615453,1
425,473,27,0.0600012982329988,1
425,474,27,0.0651095168582252,1
425,475,27,0.0752107206008296,1
425,476,27,0.0873555352095986,1
425,478,27,0.0544861223966088,1
425,502,27,0.0517911587711786,1
425,503,27,0.0705547073798691,1
426,473,27,0.0638255249872461,1
426,474,27,0.0694895383436326,1
426,475,27,0.0873891692790029,1
426,479,27,0.063605734308862,1
426,502,27,0.0547181584010656,1
426,503,27,0.0712335745512283,1
426,504,27,0.0969389846841689,1
427,480,27,0.0564727807742057,1
427,501,27,0.0492646810939572,1
427,502,27,0.0592412283789742,1
427,503,27,0.0725304189048502,1
428,480,27,0.0713753786733333,1
428,481,27,0.0491140371328783,1
428,499,27,0.0529459886019038,1
428,500,27,0.0596684982837066,1
428,501,27,0.0646111374973742,1
428,502,27,0.0714426949037514,1
428,503,27,0.0813939429964381,1
429,480,27,0.0743064240098707,1
429,481,27,0.0563939345804065,1
429,497,27,0.0513206545094925,1
429,498,27,0.0647431850341989,1
429,499,27,0.0799868666623577,1
429,500,27,0.0900366364285863,1
429,501,27,0.093133627875205,1
429,502,27,0.0959137797754391,1
430,479,27,0.107615832969761,1
430,480,27,0.0789251001074944,1
430,481,27,0.0602377947342381,1
430,482,27,0.0503757565772009,1
430,490,27,0.0501738439546538,1
430,491,27,0.0538855122968322,1
430,492,27,0.0529779875565846,1
430,493,27,0.0492252068997225,1
430,494,27,0.047265329537174,1
430,495,27,0.0512085649906164,1
430,496,27,0.0577413953530424,1
430,497,27,0.0688037760377592,1
430,498,27,0.0875416256926154,1
430,499,27,0.105749650085449,1
431,480,27,0.0797941154914232,1
431,481,27,0.0619212715825525,1
431,482,27,0.0538153045583921,1
431,483,27,0.0511558686094907,1
431,484,27,0.0503471060008326,1
431,485,27,0.050377950756885,1
431,486,27,0.0508761678085538,1
431,487,27,0.0532176100124423,1
431,488,27,0.0584728386765035,1
431,489,27,0.0657461295391746,1
431,490,27,0.0747124073659418,1
431,491,27,0.077293826701308,1
431,492,27,0.0734202399213452,1
431,493,27,0.0653504498104421,1
431,494,27,0.0595934032354496,1
431,495,27,0.0626097149956564,1
431,496,27,0.0687594055165308,1
431,497,27,0.0779029490159687,1
431,498,27,0.0916010564860961,1
431,499,27,0.102651107684424,1
431,500,27,0.110412011398866,1
432,483,27,0.0616970023730324,1
432,484,27,0.0596153330093883,1
432,485,27,0.0578276236089021,1
432,486,27,0.0583755733962602,1
432,487,27,0.0616905580973574,1
432,488,27,0.0702439694564417,1
432,489,27,0.0859489878832228,1
432,490,27,0.1049881915862,1
432,491,27,0.101659110032064,1
432,492,27,0.0901263693604893,1
432,493,27,0.0800725178189032,1
432,494,27,0.0725115068794086,1
432,495,27,0.073264362992006,1
432,496,27,0.0760802529695607,1
432,497,27,0.0792014044385093,1
432,498,27,0.0852445540099553,1
433,488,27,0.0700840588433545,1
433,489,27,0.0873662656499716,1
433,490,27,0.111047650224722,1
433,491,27,0.106092134482607,1
433,492,27,0.0929445016093376,1
433,493,27,0.086461409994052,1
433,494,27,0.0824926378959575,1
433,495,27,0.0853566856089898,1
433,496,27,0.087767499959603,1
434,489,27,0.0841421500450522,1
434,490,27,0.0996097522185621,1
434,491,27,0.100606823535726,1
434,492,27,0.0945286031580413,1
402,477,28,0.0836046481598611,1
402,478,28,0.0945769171912499,1
402,479,28,0.105134053437858,1
402,480,28,0.108887134667279,1
403,475,28,0.0749845878414408,1
403,476,28,0.0808442739340399,1
403,477,28,0.090422096690297,1
403,478,28,0.0988243501092257,1
403,479,28,0.0876314367733839,1
403,480,28,0.0714098002428434,1
403,481,28,0.063796405517685,1
403,482,28,0.0628100105378335,1
404,474,28,0.0723261077132786,1
404,475,28,0.0858107725974778,1
404,476,28,0.092761368760306,1
404,477,28,0.114067923531263,1
404,478,28,0.120869026925915,1
404,479,28,0.0916250181305368,1
404,480,28,0.0656013317143774,1
404,481,28,0.05612186832248,1
404,482,28,0.0532648840645951,1
404,483,28,0.0524180809928109,1
404,484,28,0.0560631003756532,1
404,485,28,0.0637905383413242,1
404,487,28,0.0833256326643598,1
405,473,28,0.0599118959309112,1
405,474,28,0.0778551639904648,1
405,475,28,0.0941487515802903,1
405,476,28,0.107547122082667,1
405,477,28,0.136786940896566,1
405,478,28,0.131133507694273,1
405,479,28,0.092285213734502,1
405,480,28,0.0658101154256338,1
405,481,28,0.0560061478870855,1
405,482,28,0.050120964224267,1
405,483,28,0.0472653806345092,1
405,484,28,0.0485001838061316,1
405,485,28,0.0537998431059331,1
405,486,28,0.0620323391547265,1
405,487,28,0.0700492886096754,1
405,488,28,0.0745881626927608,1
405,489,28,0.0726247986885226,1
406,472,28,0.0618735346486581,1
406,473,28,0.0751850276584465,1
406,474,28,0.078255755074819,1
406,475,28,0.0848468063420137,1
406,476,28,0.0952986820782962,1
406,477,28,0.111969229737851,1
406,478,28,0.0987225101146273,1
406,479,28,0.0740995880087996,1
406,480,28,0.0597605816930247,1
406,481,28,0.0526278565935136,1
406,486,28,0.0534222337994757,1
406,487,28,0.0645624988458014,1
406,488,28,0.0700887958668917,1
406,489,28,0.0642913042482974,1
406,490,28,0.0584531271280537,1
406,493,28,0.0686259813573838,1
407,471,28,0.0662772592861051,1
407,472,28,0.0974084008731897,1
407,473,28,0.106028978176412,1
407,474,28,0.0809854829224771,1
407,475,28,0.0708265872828087,1
407,476,28,0.0704494108008369,1
407,477,28,0.071619828324496,1
407,478,28,0.0618625577387864,1
407,479,28,0.0520118211099851,1
407,486,28,0.0484307755906996,1
407,487,28,0.0605607779837381,1
407,488,28,0.0648220372394493,1
407,489,28,0.0572078550141851,1
407,490,28,0.0499256010777907,1
407,491,28,0.0491020052133228,1
407,492,28,0.0553934547704183,1
407,493,28,0.0700782698158592,1
407,494,28,0.102064798827026,1
407,495,28,0.144053186338443,1
407,496,28,0.118248984016657,1
408,471,28,0.0865525916856917,1
408,472,28,0.116185625533336,1
408,473,28,0.108642961542871,1
408,474,28,0.0728389866943982,1
408,475,28,0.0585910598755928,1
408,476,28,0.0541757331373504,1
408,477,28,0.0514862760012096,1
408,487,28,0.0474993763720536,1
408,488,28,0.048433486755186,1
408,493,28,0.0699098469878878,1
408,494,28,0.148947782034206,1
408,495,28,0.248530777283524,1
408,496,28,0.16686098081491,1
408,497,28,0.0988197092689075,1
408,498,28,0.0962727716175632,1
409,470,28,0.0683544320842596,1
409,471,28,0.0854174854263186,1
409,472,28,0.0890351647291519,1
409,473,28,0.0759986835883728,1
409,474,28,0.0579871194318573,1
409,475,28,0.0508309737185125,1
409,476,28,0.0473726219180011,1
409,493,28,0.054605642069155,1
409,494,28,0.10692781035824,1
409,495,28,0.179762817471951,1
409,496,28,0.131769495184299,1
409,497,28,0.0934753187608062,1
409,498,28,0.0944138325319347,1
409,499,28,0.0813046489004719,1
410,470,28,0.0838187760512249,1
410,471,28,0.0883910257113134,1
410,472,28,0.0730351944497666,1
410,473,28,0.0585312098675519,1
410,474,28,0.0499861213626392,1
410,494,28,0.0533210069728986,1
410,495,28,0.0744138125739168,1
410,496,28,0.0741216019430549,1
410,497,28,0.0757200227684916,1
410,498,28,0.0793074764947449,1
410,499,28,0.0712034451578674,1
410,500,28,0.0694950388214709,1
411,469,28,0.12032836902885,1
411,470,28,0.0975692853413696,1
411,471,28,0.0920000124557269,1
411,472,28,0.0720068154948088,1
411,473,28,0.0566970319493722,1
411,474,28,0.0487463948124927,1
411,497,28,0.0556898974629175,1
411,498,28,0.0594665556039037,1
411,499,28,0.0623793201173743,1
411,500,28,0.0785608001539701,1
411,501,28,0.0901885578230429,1
412,469,28,0.126543440092859,1
412,470,28,0.0937337630703376,1
412,471,28,0.0774349274836238,1
412,472,28,0.0605029297889432,1
412,473,28,0.0522183685613991,1
412,474,28,0.0475550844902251,1
412,499,28,0.0539515360652445,1
412,500,28,0.0750156670440896,1
412,501,28,0.098118798106037,1
412,502,28,0.112270884358531,1
413,468,28,0.0903362952474717,1
413,469,28,0.0907610643885094,1
413,470,28,0.0719499712123625,1
413,471,28,0.0595523149665706,1
413,472,28,0.0502381574652028,1
413,500,28,0.0634663167328792,1
413,501,28,0.0921266857551883,1
413,502,28,0.123065851648542,1
413,503,28,0.123420491200005,1
414,468,28,0.081042188941546,1
414,469,28,0.0710430476172339,1
414,470,28,0.0597752556453779,1
414,471,28,0.0528551675973355,1
414,472,28,0.0481962718855297,1
414,500,28,0.0538378234545473,1
414,501,28,0.0799215221879297,1
414,502,28,0.117929667752383,1
414,503,28,0.13486346888242,1
415,467,28,0.0875299394315033,1
415,468,28,0.104645057952313,1
415,469,28,0.0872986849157012,1
415,470,28,0.0664452492895907,1
415,471,28,0.0541379631895279,1
415,472,28,0.048231892739552,1
415,501,28,0.0662373192044032,1
415,502,28,0.0994699318753496,1
415,503,28,0.125741873191275,1
415,504,28,0.114536912907249,1
416,467,28,0.0971228028386361,1
416,470,28,0.0946337013591843,1
416,471,28,0.06654886266229,1
416,472,28,0.0504193846842074,1
416,501,28,0.0574546310969581,1
416,502,28,0.0808899128714692,1
416,503,28,0.102686358834198,1
416,504,28,0.10382504791848,1
417,471,28,0.08794899168246,1
417,472,28,0.0528950295301719,1
417,501,28,0.0565391291609822,1
417,502,28,0.0836513391012486,1
417,503,28,0.105785021464247,1
417,504,28,0.105145222714167,1
418,472,28,0.0542599716028664,1
418,501,28,0.0558480226750015,1
418,502,28,0.0884619247666403,1
418,503,28,0.110632896161366,1
418,504,28,0.104709669029696,1
418,505,28,0.0971549520795966,1
419,472,28,0.0562253193859971,1
419,501,28,0.0501773305963437,1
419,502,28,0.074359968005614,1
419,503,28,0.090748223928769,1
419,504,28,0.0940637376375709,1
419,505,28,0.09854576743821,1
420,471,28,0.100624539282381,1
420,472,28,0.0906396571202898,1
420,473,28,0.0560675849182404,1
420,502,28,0.0607088159807264,1
420,503,28,0.0757353219117684,1
420,504,28,0.0892578709613628,1
420,505,28,0.099610858325581,1
421,468,28,0.0791425222741099,1
421,469,28,0.0785392611243587,1
421,470,28,0.102122424598127,1
421,471,28,0.150132254330746,1
421,472,28,0.155568157160302,1
421,473,28,0.0853437850347375,1
421,502,28,0.0546315814810369,1
421,503,28,0.0722235162872816,1
421,504,28,0.0920206016760503,1
421,505,28,0.104188139570315,1
422,469,28,0.0810412090750021,1
422,470,28,0.100545308355706,1
422,471,28,0.155553982158398,1
422,472,28,0.178844171547003,1
422,473,28,0.106954633453447,1
422,474,28,0.0567349702178281,1
422,502,28,0.051614566381041,1
422,503,28,0.0719596195915214,1
422,504,28,0.10070601248035,1
423,470,28,0.0783605707377561,1
423,471,28,0.0952478191897833,1
423,472,28,0.108202129804256,1
423,473,28,0.0842123878407483,1
423,474,28,0.0648013879046139,1
423,475,28,0.0508502584539279,1
423,502,28,0.0487815738248527,1
423,503,28,0.0678668192324887,1
424,471,28,0.0655740697832338,1
424,472,28,0.06524353615104,1
424,473,28,0.0643983862283328,1
424,474,28,0.0641821122488945,1
424,475,28,0.0625645329285174,1
424,476,28,0.0605508771236293,1
424,477,28,0.0512728935297933,1
424,502,28,0.0479730156055349,1
424,503,28,0.0646317868322095,1
425,472,28,0.0589334781467879,1
425,473,28,0.0590642332216069,1
425,474,28,0.0628062413579378,1
425,475,28,0.076454429737389,1
425,476,28,0.100262890378831,1
425,478,28,0.0630121455840745,1
425,502,28,0.0498751860423914,1
425,503,28,0.0658068752534428,1
425,504,28,0.096819218542124,1
426,473,28,0.0624831859710235,1
426,474,28,0.0691641264678521,1
426,475,28,0.0938166068791777,1
426,479,28,0.0738682974242903,1
426,502,28,0.0527934720737795,1
426,503,28,0.067723818831597,1
426,504,28,0.0913077036795083,1
427,474,28,0.0713047862020171,1
427,480,28,0.0666040357613056,1
427,501,28,0.0490227352122148,1
427,502,28,0.0576626092737551,1
427,503,28,0.0695470679315145,1
427,504,28,0.0889214400955523,1
428,480,28,0.0861602122436621,1
428,481,28,0.0519557883734494,1
428,499,28,0.0523584413855616,1
428,500,28,0.0585191448850149,1
428,501,28,0.0632850895138746,1
428,502,28,0.0690231338916577,1
428,503,28,0.0776726984125152,1
429,479,28,0.115969886573053,1
429,480,28,0.0861034220642766,1
429,481,28,0.0602566887253261,1
429,497,28,0.0496312924504637,1
429,498,28,0.0585602511882475,1
429,499,28,0.0677482072890721,1
429,500,28,0.0770665397432908,1
429,501,28,0.0826219081423327,1
429,502,28,0.0876015658724241,1
430,478,28,0.110747558581351,1
430,479,28,0.109790715895547,1
430,480,28,0.0862660919334597,1
430,481,28,0.064593541979743,1
430,482,28,0.0526554732002773,1
430,483,28,0.0473013200954445,1
430,490,28,0.0496568982268046,1
430,491,28,0.0520791373404032,1
430,492,28,0.0498005508701503,1
430,495,28,0.0482437863957301,1
430,496,28,0.0543916163724614,1
430,497,28,0.0628139841070696,1
430,498,28,0.0730846987503107,1
430,499,28,0.0805565177885093,1
430,500,28,0.0877463937544773,1
430,501,28,0.09600360287911,1
431,480,28,0.0829716724068812,1
431,481,28,0.0661475862725001,1
431,482,28,0.0580774114287209,1
431,483,28,0.0542174405857019,1
431,484,28,0.0506336057530646,1
431,485,28,0.0496272497495389,1
431,486,28,0.050669055280728,1
431,487,28,0.0533356208107399,1
431,488,28,0.0600544995760244,1
431,489,28,0.0714154329726078,1
431,490,28,0.0766071205975979,1
431,491,28,0.0753912084113379,1
431,492,28,0.0691221124354899,1
431,493,28,0.0616067404334247,1
431,494,28,0.0563332369577479,1
431,495,28,0.0584428776037759,1
431,496,28,0.0641266385773194,1
431,497,28,0.0715094220119529,1
431,498,28,0.0803312627009941,1
431,499,28,0.0846118127035718,1
431,500,28,0.0883484526139906,1
432,483,28,0.0655070300795705,1
432,484,28,0.0617958125962313,1
432,485,28,0.059091988091748,1
432,486,28,0.0594792157201084,1
432,487,28,0.062747094689686,1
432,488,28,0.0741672048117771,1
432,489,28,0.0962465015758659,1
432,490,28,0.109571694682915,1
432,491,28,0.102114381276436,1
432,492,28,0.0866835691842047,1
432,493,28,0.0772427413891011,1
432,494,28,0.0697126774003292,1
432,495,28,0.0686831502581942,1
432,496,28,0.0709078380570836,1
432,497,28,0.0740686350466258,1
432,498,28,0.0790397505045772,1
432,499,28,0.0832820977348467,1
433,487,28,0.0681165168805397,1
433,488,28,0.0735318545355774,1
433,489,28,0.0935774713508664,1
433,490,28,0.115146462034945,1
433,491,28,0.113325316942943,1
433,492,28,0.0967119622300041,1
433,493,28,0.0886036206826239,1
433,494,28,0.0828140461452459,1
433,495,28,0.0822444791794109,1
433,496,28,0.082003419986719,1
433,497,28,0.0803473553558279,1
434,488,28,0.078756803519998,1
434,489,28,0.0874022501967909,1
434,490,28,0.103175654892302,1
434,491,28,0.10948372310621,1
434,492,28,0.102011308934344,1
434,493,28,0.0975488223615212,1
402,477,29,0.089438322703164,1
402,478,29,0.103930885528119,1
402,479,29,0.108904435623802,1
402,480,29,0.109643254997872,1
403,475,29,0.0668024617421628,1
403,476,29,0.0761266974414494,1
403,477,29,0.0878761569398501,1
403,478,29,0.0955240874520911,1
403,479,29,0.0859540976167337,1
403,480,29,0.0743713897628737,1
403,481,29,0.0686807637120721,1
404,474,29,0.0640234880863618,1
404,475,29,0.0700071603597406,1
404,476,29,0.0744699354822203,1
404,477,29,0.0868817847642703,1
404,478,29,0.0941129533884579,1
404,479,29,0.0799437044428183,1
404,480,29,0.063607447572451,1
404,481,29,0.0571816270526461,1
404,482,29,0.0558760841291533,1
404,483,29,0.0560040498906204,1
404,484,29,0.0602350234552398,1
404,486,29,0.0792599379387398,1
404,487,29,0.0862847695123049,1
405,473,29,0.0608878430085957,1
405,474,29,0.0720600048149319,1
405,475,29,0.0782068098392355,1
405,476,29,0.080664531543479,1
405,477,29,0.0943555515126542,1
405,478,29,0.0982108995497086,1
405,479,29,0.0800047447181947,1
405,480,29,0.0612859814208647,1
405,481,29,0.0530077322170694,1
405,482,29,0.0501831316467414,1
405,483,29,0.0493339179830302,1
405,484,29,0.0511931396068646,1
405,485,29,0.057468854190472,1
405,486,29,0.0671116607340857,1
405,487,29,0.0765164438678581,1
405,488,29,0.0794558751788046,1
405,489,29,0.0748911217983492,1
406,472,29,0.0661839254949396,1
406,473,29,0.0757622171443895,1
406,474,29,0.0783817310459425,1
406,475,29,0.0788320007629253,1
406,476,29,0.0806737470981523,1
406,477,29,0.089826175522448,1
406,478,29,0.0863189506237674,1
406,479,29,0.0708908917761809,1
406,480,29,0.0571868990953391,1
406,481,29,0.0495554640051616,1
406,486,29,0.0561302422739867,1
406,487,29,0.0700711402347486,1
406,488,29,0.0768768003094022,1
406,489,29,0.0689816729128049,1
406,490,29,0.0605315503080556,1
406,493,29,0.0684668281871464,1
407,472,29,0.0966449766294014,1
407,473,29,0.0967202099410358,1
407,474,29,0.0799220932757927,1
407,475,29,0.0713309059574347,1
407,476,29,0.0706696523380602,1
407,477,29,0.072257312665868,1
407,478,29,0.0639131599226841,1
407,479,29,0.0538612320454785,1
407,480,29,0.0472079322012184,1
407,486,29,0.0478388069520077,1
407,487,29,0.0591178854234716,1
407,488,29,0.0649543793373823,1
407,489,29,0.0592893199884888,1
407,490,29,0.0524847720323052,1
407,491,29,0.0512269720541581,1
407,492,29,0.0569862067973835,1
407,493,29,0.07142029623662,1
407,494,29,0.0998621850769043,1
407,495,29,0.125652831576258,1
407,496,29,0.108676493417605,1
408,471,29,0.0874224246269822,1
408,472,29,0.115157919860911,1
408,473,29,0.0962565887909616,1
408,474,29,0.069580870321552,1
408,475,29,0.0598955748409322,1
408,476,29,0.0584865568081176,1
408,477,29,0.0573211588462015,1
408,478,29,0.0506878711229506,1
408,492,29,0.0490064231394126,1
408,493,29,0.0694500070406116,1
408,494,29,0.123546370987909,1
408,495,29,0.17820920600368,1
408,496,29,0.131950475933804,1
408,497,29,0.09401738333745,1
408,498,29,0.0960359685323133,1
409,470,29,0.0848906598784398,1
409,471,29,0.0981672323682694,1
409,472,29,0.0945218763441605,1
409,473,29,0.0725691025932535,1
409,474,29,0.0579005004316703,1
409,475,29,0.052754054988331,1
409,476,29,0.0513674536570014,1
409,477,29,0.0500136598205375,1
409,493,29,0.0526538801657121,1
409,494,29,0.0858392428303105,1
409,495,29,0.12599493124054,1
409,496,29,0.104897250352608,1
409,497,29,0.083747780812679,1
409,498,29,0.0844047482673555,1
409,499,29,0.0753697054504337,1
410,470,29,0.109502550971335,1
410,471,29,0.106473008007061,1
410,472,29,0.0816507521912461,1
410,473,29,0.0604298966684441,1
410,474,29,0.0514973731401051,1
410,475,29,0.0489497501833252,1
410,495,29,0.0598693288450396,1
410,496,29,0.063401026361512,1
410,497,29,0.0643842533065867,1
410,498,29,0.0660441893120438,1
410,499,29,0.063739092342046,1
410,500,29,0.0654775739687428,1
411,470,29,0.110719364875273,1
411,471,29,0.0922563467458909,1
411,472,29,0.07395836699746,1
411,473,29,0.058657588605905,1
411,474,29,0.0504825920877376,1
411,475,29,0.0474711676373477,1
411,497,29,0.0493952979053988,1
411,498,29,0.0532355782400472,1
411,499,29,0.0582464594476159,1
411,500,29,0.0720830467073406,1
411,501,29,0.0824571102194285,1
412,469,29,0.130442226876208,1
412,470,29,0.0915985016193407,1
412,471,29,0.0711175475318232,1
412,472,29,0.0616307922496332,1
412,473,29,0.0550997653225639,1
412,474,29,0.0502894682068293,1
412,499,29,0.0526533752038122,1
412,500,29,0.0699037333420283,1
412,501,29,0.0911718448826295,1
412,502,29,0.115553569532388,1
413,469,29,0.0864894353794967,1
413,470,29,0.0705611155868369,1
413,471,29,0.0594799250713487,1
413,472,29,0.0531471978846617,1
413,473,29,0.0502765195409675,1
413,500,29,0.0612070149980417,1
413,501,29,0.0913809171435431,1
413,502,29,0.13206311850619,1
413,503,29,0.136306553809125,1
414,468,29,0.0799477621723711,1
414,469,29,0.0690330347517665,1
414,470,29,0.0617370025692461,1
414,471,29,0.0556184874342395,1
414,472,29,0.051488289837358,1
414,500,29,0.0529110260017867,1
414,501,29,0.0790196001201905,1
414,502,29,0.114951498649972,1
414,503,29,0.122781546075994,1
415,468,29,0.115125758597048,1
415,469,29,0.0953442128096042,1
415,470,29,0.0722591161012248,1
415,471,29,0.0577147766471761,1
415,472,29,0.0514911272423194,1
415,501,29,0.0615256700026854,1
415,502,29,0.0850479915789668,1
415,503,29,0.103254837727368,1
415,504,29,0.109471856501562,1
416,467,29,0.113558404951358,1
416,471,29,0.072753281434792,1
416,472,29,0.053077416959256,1
416,501,29,0.0541878462114969,1
416,502,29,0.073001740723898,1
416,503,29,0.0932741455467554,1
416,504,29,0.104311590731939,1
417,472,29,0.0549828125396756,1
417,501,29,0.0547139022936235,1
417,502,29,0.0784886086366375,1
417,503,29,0.100831790073584,1
417,504,29,0.108415572390184,1
418,472,29,0.0566339898607498,1
418,501,29,0.0537638765934674,1
418,502,29,0.0822622550405778,1
418,503,29,0.107346399727455,1
418,504,29,0.111916521333823,1
418,505,29,0.1074745037523,1
419,472,29,0.0619871510761363,1
419,501,29,0.0488977511305376,1
419,502,29,0.0716756085800818,1
419,503,29,0.0918629032770008,1
419,504,29,0.100531235548471,1
419,505,29,0.104577453172238,1
420,468,29,0.0825826834233224,1
420,471,29,0.0996532089992098,1
420,472,29,0.087898826122285,1
420,473,29,0.0553291562884973,1
420,502,29,0.060728551574981,1
420,503,29,0.0780669654502183,1
420,504,29,0.0936668315727957,1
420,505,29,0.102983300477146,1
421,469,29,0.083601594342657,1
421,470,29,0.0950295614314525,1
421,471,29,0.119374712412175,1
421,472,29,0.117612479541829,1
421,473,29,0.0731629738562469,1
421,502,29,0.0554950723413227,1
421,503,29,0.0748043585233337,1
421,504,29,0.0973095305354789,1
421,505,29,0.108402407312079,1
422,469,29,0.0843872850016505,1
422,470,29,0.0882605411517979,1
422,471,29,0.107744886803893,1
422,472,29,0.114891708756443,1
422,473,29,0.0814456054079592,1
422,474,29,0.0521180735097564,1
422,502,29,0.0533135106932656,1
422,503,29,0.0757337589344592,1
422,504,29,0.107068959232166,1
423,470,29,0.0737844016114921,1
423,471,29,0.0777267113014513,1
423,472,29,0.0819571979385243,1
423,473,29,0.0713087056681925,1
423,474,29,0.0578709120689164,1
423,502,29,0.0506247388625603,1
423,503,29,0.07112430440296,1
424,471,29,0.065247317353838,1
424,472,29,0.0638181008450273,1
424,473,29,0.0621865328777327,1
424,474,29,0.0606762820068898,1
424,475,29,0.0616593225969777,1
424,476,29,0.0642963358329428,1
424,477,29,0.0567524034262771,1
424,502,29,0.0493463075839314,1
424,503,29,0.0662322395281482,1
425,472,29,0.0613223446891089,1
425,473,29,0.059402521625835,1
425,474,29,0.0631957713721036,1
425,475,29,0.0814535405235291,1
425,476,29,0.113283813883932,1
425,478,29,0.0700646538789153,1
425,502,29,0.050618631228152,1
425,503,29,0.066069978437646,1
425,504,29,0.0908178786136997,1
426,473,29,0.0628235483259118,1
426,474,29,0.0700917474894256,1
426,475,29,0.0971488444451883,1
426,479,29,0.0797428798929365,1
426,502,29,0.0535183689268954,1
426,503,29,0.068850442933342,1
426,504,29,0.0931916984936938,1
427,474,29,0.0736803674372097,1
427,475,29,0.0914864481691717,1
427,480,29,0.074973003774999,1
427,501,29,0.0510232199275471,1
427,502,29,0.0588186894863277,1
427,503,29,0.0702961728985698,1
427,504,29,0.090471534864878,1
428,480,29,0.097631022945084,1
428,481,29,0.0570372620523344,1
428,499,29,0.0526795370393882,1
428,500,29,0.057941450437172,1
428,501,29,0.0626972056562658,1
428,502,29,0.0683903444936646,1
428,503,29,0.07641718278582,1
429,479,29,0.124188682524586,1
429,480,29,0.0943988820528269,1
429,481,29,0.0654929272150803,1
429,482,29,0.048507136049432,1
429,497,29,0.0493607681297673,1
429,498,29,0.0560556461761784,1
429,499,29,0.0626611189147763,1
429,500,29,0.0707974678132476,1
429,501,29,0.0766447162133359,1
429,502,29,0.0822498594282254,1
430,478,29,0.102651384211178,1
430,479,29,0.10924146162328,1
430,480,29,0.0907525461621741,1
430,481,29,0.0696667138445356,1
430,482,29,0.0575007810077385,1
430,483,29,0.0508099636966058,1
430,489,29,0.0490434236214829,1
430,490,29,0.0525085713675638,1
430,491,29,0.0534923754119527,1
430,492,29,0.0488425900544243,1
430,495,29,0.0472429308700426,1
430,496,29,0.0523478672429196,1
430,497,29,0.059207215588145,1
430,498,29,0.0660368373072392,1
430,499,29,0.0711915304616102,1
430,500,29,0.0780327422585974,1
430,501,29,0.0862202906868482,1
431,480,29,0.086002369569784,1
431,481,29,0.070572771790693,1
431,482,29,0.062946879258512,1
431,483,29,0.0579690790668381,1
431,484,29,0.0513536874337779,1
431,485,29,0.0487584688122065,1
431,486,29,0.0497873346947106,1
431,487,29,0.0522789038748756,1
431,488,29,0.0601895828956997,1
431,489,29,0.0786771097115812,1
431,490,29,0.0823739177464195,1
431,491,29,0.0776352110028986,1
431,492,29,0.0668186746260204,1
431,493,29,0.0598258840872943,1
431,494,29,0.0551564292614745,1
431,495,29,0.0564193149273278,1
431,496,29,0.0609834371054083,1
431,497,29,0.0672276637076861,1
431,498,29,0.0741369131092341,1
431,499,29,0.07768015261199,1
431,500,29,0.080469604227214,1
432,481,29,0.0743657329873046,1
432,483,29,0.0683738490716011,1
432,484,29,0.0631929339671423,1
432,485,29,0.060202134805783,1
432,486,29,0.0601289033073946,1
432,487,29,0.0628200196040637,1
432,488,29,0.0779282812712805,1
432,489,29,0.110825346759741,1
432,490,29,0.119640550806669,1
432,491,29,0.107634384308131,1
432,492,29,0.0858743256594514,1
432,493,29,0.0759672617330062,1
432,494,29,0.0680403457825197,1
432,495,29,0.065862036329556,1
432,496,29,0.0674381787168851,1
432,497,29,0.0708015495886051,1
432,498,29,0.0759051634422204,1
432,499,29,0.0794226258422765,1
433,486,29,0.0710072494254014,1
433,487,29,0.0695502299548401,1
433,488,29,0.0768462621373604,1
433,489,29,0.0995957395258398,1
433,490,29,0.116595269863181,1
433,491,29,0.118076852123302,1
433,492,29,0.0999583322272263,1
433,493,29,0.0891531454701936,1
433,494,29,0.0802216138313008,1
433,495,29,0.0774897338841169,1
433,496,29,0.0768023725322271,1
433,497,29,0.0767375149853455,1
433,498,29,0.0787143145829919,1
434,487,29,0.0805183150162011,1
434,488,29,0.081021900293782,1
434,489,29,0.0892455534978759,1
434,490,29,0.103554376317229,1
434,491,29,0.114793445575303,1
434,492,29,0.109240740249138,1
434,493,29,0.101962459881979,1
434,494,29,0.0983991120749952,1
403,476,30,0.0785098771509453,1
403,477,30,0.0941235575883558,1
403,478,30,0.0994464872157113,1
403,479,30,0.0891196135954595,1
403,480,30,0.0803108418013039,1
404,475,30,0.0604140625060115,1
404,476,30,0.0657125916529894,1
404,477,30,0.0760803671871333,1
404,478,30,0.0848812699916821,1
404,479,30,0.0789878055548502,1
404,480,30,0.0652926016156472,1
404,481,30,0.0600522152245724,1
404,482,30,0.059479522304119,1
404,483,30,0.0596966258638215,1
404,484,30,0.0643920261129745,1
404,486,30,0.0856449106477132,1
405,474,30,0.0687852607680961,1
405,475,30,0.0671682465241308,1
405,476,30,0.0649907305827241,1
405,477,30,0.073317197636509,1
405,478,30,0.0826567324790725,1
405,479,30,0.0761027057397528,1
405,480,30,0.060004796897591,1
405,481,30,0.0519719651885999,1
405,482,30,0.050697375227281,1
405,483,30,0.0507514722765337,1
405,484,30,0.0531541831909437,1
405,485,30,0.0615621114197951,1
405,486,30,0.0761296009723739,1
405,487,30,0.0921365024549805,1
405,488,30,0.0920320715249195,1
405,489,30,0.0842216695213846,1
406,473,30,0.0792055884085371,1
406,474,30,0.0823031389201164,1
406,475,30,0.0748655971765993,1
406,476,30,0.071024538359022,1
406,477,30,0.0776288629104426,1
406,478,30,0.078148210213042,1
406,479,30,0.067676568825249,1
406,480,30,0.0550403842077157,1
406,481,30,0.0476259504825704,1
406,485,30,0.0492473049942944,1
406,486,30,0.063775894446227,1
406,487,30,0.0841036467001846,1
406,488,30,0.0875918874360093,1
406,489,30,0.076498818292971,1
406,490,30,0.064695814798827,1
407,472,30,0.0950417887231716,1
407,473,30,0.09020507127946,1
407,474,30,0.0804655044175029,1
407,475,30,0.0709960080116774,1
407,476,30,0.0695774858745325,1
407,477,30,0.0731774614536131,1
407,478,30,0.0652045158213701,1
407,479,30,0.0545392095220617,1
407,480,30,0.047954380106848,1
407,486,30,0.0482366988947779,1
407,487,30,0.0600112712305219,1
407,488,30,0.064734997437679,1
407,489,30,0.0606251125343663,1
407,490,30,0.0547310168951595,1
407,491,30,0.0541957993614204,1
407,492,30,0.0604906604170658,1
407,493,30,0.0727035066189444,1
407,494,30,0.0915442061921987,1
407,495,30,0.104864031073335,1
408,471,30,0.0922489406380256,1
408,472,30,0.114353912310144,1
408,473,30,0.0907464204934122,1
408,474,30,0.0691977966059635,1
408,475,30,0.060785389845976,1
408,476,30,0.06045246966766,1
408,477,30,0.0609147021725096,1
408,478,30,0.0538410095236776,1
408,492,30,0.0517010230720458,1
408,493,30,0.0660259325347818,1
408,494,30,0.0907131711568841,1
408,495,30,0.109661770267536,1
408,496,30,0.096585397136664,1
408,497,30,0.0885669087502106,1
408,498,30,0.092714311120396,1
409,471,30,0.115031763546252,1
409,472,30,0.108625287876375,1
409,473,30,0.0779040551229876,1
409,474,30,0.0593141472819007,1
409,475,30,0.0544800147622005,1
409,476,30,0.0542654360119975,1
409,477,30,0.0535353272307005,1
409,478,30,0.0484152660466312,1
409,493,30,0.0487876363733771,1
409,494,30,0.063123609912027,1
409,495,30,0.0782253792119594,1
409,496,30,0.0759202461732544,1
409,497,30,0.0725815763544713,1
409,498,30,0.0755508244633169,1
409,499,30,0.0714401159911912,1
410,470,30,0.128870328573418,1
410,471,30,0.122000093490089,1
410,472,30,0.0942872373813388,1
410,473,30,0.0667211268075712,1
410,474,30,0.0541001211042911,1
410,475,30,0.0518162686027964,1
410,476,30,0.0516040703872644,1
410,477,30,0.049238654516033,1
410,496,30,0.0513760921123605,1
410,497,30,0.0543353792465853,1
410,498,30,0.0571938122642068,1
410,499,30,0.0586809310708732,1
410,500,30,0.0616845045660098,1
411,470,30,0.11751139097863,1
411,471,30,0.0908540675498595,1
411,472,30,0.0747631319910773,1
411,473,30,0.0608806653358756,1
411,474,30,0.0528019241741516,1
411,475,30,0.0507715865922132,1
411,476,30,0.0491357805518301,1
411,498,30,0.048350279253549,1
411,499,30,0.0537455957704007,1
411,500,30,0.0641475343816535,1
411,501,30,0.0733458602357797,1
412,469,30,0.11935542767676,1
412,470,30,0.087028722665691,1
412,471,30,0.068022509806841,1
412,472,30,0.0627831153052124,1
412,473,30,0.0576602287390842,1
412,474,30,0.0530415105613022,1
412,475,30,0.0494278048277051,1
412,499,30,0.0496600512329534,1
412,500,30,0.0633877290314812,1
412,501,30,0.0844840994230546,1
412,502,30,0.115799858687615,1
413,469,30,0.0802255092516715,1
413,470,30,0.0691646494641056,1
413,471,30,0.0606291882982726,1
413,472,30,0.0563784370592404,1
413,473,30,0.0537569453902461,1
413,474,30,0.0509312687701552,1
413,500,30,0.058163970314396,1
413,501,30,0.0895280255778111,1
413,502,30,0.135054404595096,1
413,503,30,0.145814697834646,1
414,468,30,0.0786076654274421,1
414,469,30,0.0677794608238054,1
414,470,30,0.0628826408911029,1
414,471,30,0.0582830451395542,1
414,472,30,0.0547786576458349,1
414,473,30,0.0502533213508279,1
414,500,30,0.0511463043906485,1
414,501,30,0.0766391496095346,1
414,502,30,0.109278852849678,1
414,503,30,0.115886074920572,1
414,504,30,0.109476942189269,1
415,470,30,0.0764716946252048,1
415,471,30,0.0614872568295856,1
415,472,30,0.0549444895383436,1
415,501,30,0.0566944109566537,1
415,502,30,0.0741194017519196,1
415,503,30,0.0911447512721193,1
415,504,30,0.107839182427249,1
416,471,30,0.0760183530566642,1
416,472,30,0.0555324996364274,1
416,501,30,0.049303968933205,1
416,502,30,0.0638379807141104,1
416,503,30,0.0849456045423102,1
416,504,30,0.104465207355631,1
417,472,30,0.0555693618551204,1
417,501,30,0.0495737328053259,1
417,502,30,0.0682011280560294,1
417,503,30,0.0917166206237597,1
417,504,30,0.10930640934193,1
417,505,30,0.106846679812989,1
418,472,30,0.0572335840252754,1
418,501,30,0.0485478666369653,1
418,502,30,0.0716520797601267,1
418,503,30,0.0997852685589368,1
418,504,30,0.116764371985137,1
418,505,30,0.114743249957872,1
419,471,30,0.0917956231152898,1
419,472,30,0.0638409443595467,1
419,502,30,0.0660020851079137,1
419,503,30,0.0893176247861847,1
419,504,30,0.104053182491115,1
419,505,30,0.105886554874835,1
420,468,30,0.0873732569677047,1
420,469,30,0.0866739087821435,1
420,470,30,0.0912985302049934,1
420,471,30,0.0925813558544417,1
420,472,30,0.0785192129346424,1
420,473,30,0.0524073265066332,1
420,502,30,0.0587243217255577,1
420,503,30,0.0787631816697099,1
420,504,30,0.0968760267558631,1
420,505,30,0.104200619342984,1
421,469,30,0.0874563051658853,1
421,470,30,0.0872726132518931,1
421,471,30,0.0920502381304137,1
421,472,30,0.086101943247284,1
421,473,30,0.0620145031790478,1
421,502,30,0.0553102683088605,1
421,503,30,0.0781005574394642,1
421,504,30,0.104107333643428,1
422,469,30,0.0886218053224716,1
422,470,30,0.0795379254760877,1
422,471,30,0.0791407188387531,1
422,472,30,0.0774293488569202,1
422,473,30,0.0645083236476832,1
422,474,30,0.0480870317945172,1
422,502,30,0.0542079845729811,1
422,503,30,0.0807643997820873,1
423,470,30,0.072164123149531,1
423,471,30,0.0686244905174888,1
423,472,30,0.0678196894551644,1
423,473,30,0.0631380013261742,1
423,474,30,0.0539142590564195,1
423,502,30,0.0527141569867875,1
423,503,30,0.0760272980960339,1
424,471,30,0.0672962423428539,1
424,472,30,0.0648794946899168,1
424,473,30,0.061920778643555,1
424,474,30,0.0602047257412456,1
424,475,30,0.0640042394196535,1
424,476,30,0.0677267343854239,1
424,477,30,0.0593641805901495,1
424,502,30,0.0512591092722162,1
424,503,30,0.069171364255084,1
425,472,30,0.0656203339115869,1
425,473,30,0.0613631263739773,1
425,474,30,0.0660491006676654,1
425,475,30,0.0892654453898614,1
425,476,30,0.120527877070921,1
425,477,30,0.118950267889502,1
425,478,30,0.0710837691875904,1
425,502,30,0.0515508510098853,1
425,503,30,0.0661012139380257,1
425,504,30,0.0871074606533688,1
426,473,30,0.064628372327934,1
426,474,30,0.0715343394771326,1
426,475,30,0.0980057467549706,1
426,476,30,0.133843085157544,1
426,478,30,0.11139366935518,1
426,479,30,0.081288838783844,1
426,480,30,0.0497331384565133,1
426,502,30,0.0530232417611378,1
426,503,30,0.0672280845092694,1
426,504,30,0.0931310309282912,1
427,474,30,0.0747357317965563,1
427,475,30,0.0872515250811209,1
427,476,30,0.0990968852603449,1
427,479,30,0.133339505891415,1
427,480,30,0.0824938041174882,1
427,501,30,0.0517975369208905,1
427,502,30,0.0581150310902637,1
427,503,30,0.0679402911889246,1
427,504,30,0.0872754626797568,1
428,476,30,0.0820127978505744,1
428,479,30,0.158222645684875,1
428,480,30,0.108239232480996,1
428,481,30,0.0612099004946126,1
428,499,30,0.0508865435733066,1
428,500,30,0.0556663506086089,1
428,501,30,0.0607816867920434,1
428,502,30,0.0659831730824721,1
428,503,30,0.0730049929189914,1
429,477,30,0.0935084719141153,1
429,478,30,0.113997950239419,1
429,479,30,0.132748051231799,1
429,480,30,0.103056447815217,1
429,481,30,0.0700289518703019,1
429,482,30,0.0508755005374718,1
429,497,30,0.0476719801643271,1
429,498,30,0.0533700904718595,1
429,499,30,0.0575660292989474,1
429,500,30,0.0644399433904046,1
429,501,30,0.0710393625976548,1
429,502,30,0.0769523882966568,1
429,503,30,0.0841918286776808,1
430,478,30,0.098899042390253,1
430,479,30,0.10937894351198,1
430,480,30,0.094165000532855,1
430,481,30,0.0739175913240428,1
430,482,30,0.0617932036264151,1
430,483,30,0.0537464674308231,1
430,489,30,0.0498671276920721,1
430,490,30,0.0535838035730912,1
430,491,30,0.0530624063656363,1
430,492,30,0.0478738206494599,1
430,496,30,0.0492738545684721,1
430,497,30,0.0550658607378561,1
430,498,30,0.0603921207091704,1
430,499,30,0.0642372853479101,1
430,500,30,0.0703409401755767,1
430,501,30,0.0783106095669216,1
430,502,30,0.0887641504751836,1
431,479,30,0.0971614684926858,1
431,480,30,0.087828780693027,1
431,481,30,0.0741781396414905,1
431,482,30,0.0671007439387259,1
431,483,30,0.0610154721287963,1
431,484,30,0.0527223385718562,1
431,485,30,0.0493169326276948,1
431,486,30,0.0495998886294507,1
431,487,30,0.0511491177498051,1
431,488,30,0.0595098741211739,1
431,489,30,0.0833064982152242,1
431,490,30,0.0901659728009246,1
431,491,30,0.0817834128960921,1
431,492,30,0.0673311929200687,1
431,493,30,0.0579770201938592,1
431,494,30,0.052899796610965,1
431,495,30,0.052753862621893,1
431,496,30,0.0568605734789778,1
431,497,30,0.0629534137059548,1
431,498,30,0.069093540007987,1
431,499,30,0.0721960740126023,1
431,500,30,0.0742518280101693,1
431,501,30,0.0799064695141516,1
432,481,30,0.0763674680844843,1
432,482,30,0.0725266256791497,1
432,483,30,0.0688374942674801,1
432,484,30,0.0634297610981969,1
432,485,30,0.0611463594555414,1
432,486,30,0.0610343180282748,1
432,487,30,0.063046993966619,1
432,488,30,0.0800187153307587,1
432,489,30,0.12237696338805,1
432,490,30,0.134400947827914,1
432,491,30,0.117693694247397,1
432,492,30,0.0906298464319488,1
432,493,30,0.0751020515976802,1
432,494,30,0.0647350094605814,1
432,495,30,0.0611955271148189,1
432,496,30,0.0633595774055615,1
432,497,30,0.0679202189534035,1
432,498,30,0.0733984724565887,1
432,499,30,0.0759120225080274,1
432,500,30,0.0761750836120723,1
433,483,30,0.07743642433497,1
433,486,30,0.0715934500766773,1
433,487,30,0.0718127959076733,1
433,488,30,0.0807959538893801,1
433,489,30,0.105454151190787,1
433,490,30,0.121175490707547,1
433,491,30,0.123868993550338,1
433,492,30,0.107852167161818,1
433,493,30,0.0906180279189106,1
433,494,30,0.0771636367029008,1
433,497,30,0.0743680534074637,1
433,498,30,0.0767189035324634,1
434,487,30,0.0799792862224079,1
434,488,30,0.0824499325467085,1
434,489,30,0.0896709778870932,1
434,490,30,0.10282910675414,1
434,491,30,0.117448390970166,1
434,492,30,0.117472641164263,1
434,493,30,0.105861968039471,1
403,477,31,0.104117697385278,1
403,478,31,0.106109459484935,1
403,479,31,0.0935450035029928,1
403,480,31,0.0862627856353056,1
403,481,31,0.084870503482602,1
404,476,31,0.064903600609186,1
404,477,31,0.0766745690799421,1
404,478,31,0.0860283390389219,1
404,479,31,0.0811843717850759,1
404,480,31,0.0671593375534683,1
404,481,31,0.0632878908501288,1
404,482,31,0.0632058044841386,1
404,483,31,0.0630887555180313,1
405,475,31,0.0630243067498305,1
405,476,31,0.0605329088960244,1
405,477,31,0.0685263235195671,1
405,478,31,0.0790670004128184,1
405,479,31,0.0746057401760384,1
405,480,31,0.0589593995243163,1
405,481,31,0.0524695630607963,1
405,482,31,0.0522876445249049,1
405,483,31,0.0526773789284112,1
405,484,31,0.0547398056367983,1
405,485,31,0.0646721417040435,1
405,486,31,0.0840950383020815,1
405,487,31,0.109807030974074,1
405,488,31,0.107906390451546,1
406,474,31,0.079515262305104,1
406,475,31,0.0706777377399098,1
406,476,31,0.0659600770870027,1
406,477,31,0.0726563167271082,1
406,478,31,0.0721957674285917,1
406,479,31,0.0628423581566832,1
406,480,31,0.0531485985527888,1
406,481,31,0.0478226151082292,1
406,485,31,0.052094087819511,1
406,486,31,0.0738173503754608,1
406,487,31,0.103802925778103,1
406,488,31,0.100809439498062,1
406,489,31,0.0880189890201084,1
407,472,31,0.0834990510082694,1
407,473,31,0.0795313910286449,1
407,474,31,0.0745988029613659,1
407,475,31,0.0672498519740259,1
407,476,31,0.0668712086979639,1
407,477,31,0.0732377442861397,1
407,478,31,0.0644824804190203,1
407,479,31,0.0534286540293459,1
407,480,31,0.0483982746798445,1
407,486,31,0.0519074923745944,1
407,487,31,0.065879084805129,1
407,488,31,0.0669572505988367,1
407,489,31,0.0631637303372645,1
407,490,31,0.057110150898005,1
407,491,31,0.0569568408583237,1
407,492,31,0.062978090713087,1
407,493,31,0.0706082273298076,1
407,494,31,0.0800507383312442,1
407,495,31,0.0878268570286464,1
408,471,31,0.0911634288509645,1
408,472,31,0.10467506711665,1
408,473,31,0.0836327036025617,1
408,474,31,0.0668013015320833,1
408,475,31,0.060188260376438,1
408,476,31,0.0606597986077287,1
408,477,31,0.0628183905007914,1
408,478,31,0.0558825704849866,1
408,479,31,0.0480781859440922,1
408,492,31,0.0530344350832523,1
408,493,31,0.0604164069719753,1
408,494,31,0.0671813695220771,1
408,495,31,0.0719741132003389,1
408,496,31,0.0768459675762521,1
408,497,31,0.0828430033056249,1
408,498,31,0.0887320072456743,1
409,471,31,0.121149028299411,1
409,472,31,0.118578303335711,1
409,473,31,0.0832114872291769,1
409,474,31,0.0615185223872213,1
409,475,31,0.0563082473551538,1
409,476,31,0.0564589905051774,1
409,477,31,0.0554093430359117,1
409,478,31,0.0494347149908472,1
409,494,31,0.0502757470694897,1
409,495,31,0.0549956650223184,1
409,496,31,0.0594582117096529,1
409,497,31,0.0632749782529742,1
409,498,31,0.0676404279806987,1
409,499,31,0.067059120650691,1
410,471,31,0.121710521886299,1
410,472,31,0.1012958741054,1
410,473,31,0.0715847515068063,1
410,474,31,0.0576818338946586,1
410,475,31,0.0551829097039634,1
410,476,31,0.0556683103416967,1
410,477,31,0.0526788577454038,1
410,497,31,0.048629348852111,1
410,498,31,0.0520964863885356,1
410,499,31,0.055677784388771,1
410,500,31,0.0598832333316405,1
411,470,31,0.114347504103176,1
411,471,31,0.085899303239143,1
411,472,31,0.0721574444272597,1
411,473,31,0.0608748823198315,1
411,474,31,0.0554481770105948,1
411,475,31,0.0542949101571788,1
411,476,31,0.0537395181932482,1
411,477,31,0.050440662215692,1
411,499,31,0.0520124883810671,1
411,500,31,0.0610844114510354,1
411,501,31,0.0694495682046748,1
412,470,31,0.0809135979891552,1
412,471,31,0.0667907394123436,1
412,472,31,0.0642214571969286,1
412,473,31,0.0598270382859227,1
412,474,31,0.0560725383540204,1
412,475,31,0.0530300286895306,1
412,476,31,0.0502043129950069,1
412,499,31,0.0489657676950192,1
412,500,31,0.0619495855176542,1
412,501,31,0.0855366323888911,1
412,502,31,0.12324042419108,1
413,469,31,0.0758260888132761,1
413,470,31,0.0684442371535769,1
413,471,31,0.0646223668881959,1
413,472,31,0.0644004782133467,1
413,473,31,0.060358035780927,1
413,474,31,0.0556781270414888,1
413,475,31,0.0501774508253674,1
413,500,31,0.0584209418183861,1
413,501,31,0.0927534035874802,1
413,502,31,0.147495102831403,1
413,503,31,0.166201861260708,1
414,468,31,0.0802454492352665,1
414,469,31,0.0703551091660299,1
414,470,31,0.066584997495389,1
414,471,31,0.0631499280453338,1
414,472,31,0.0613218998417209,1
414,473,31,0.0559727061841193,1
414,474,31,0.0490135376918951,1
414,500,31,0.0505554087959939,1
414,501,31,0.0754097477268058,1
414,502,31,0.110254932179289,1
414,503,31,0.124393071865023,1
414,504,31,0.11742390031802,1
415,470,31,0.0810598565965914,1
415,471,31,0.0676300582273971,1
415,472,31,0.060784596334419,1
415,473,31,0.0509959459735011,1
415,501,31,0.0546681431271704,1
415,502,31,0.0709749498981612,1
415,503,31,0.0919369102525925,1
415,504,31,0.116965743577077,1
416,471,31,0.0785210524387063,1
416,472,31,0.0611695516342298,1
416,473,31,0.0476287548245503,1
416,501,31,0.0476066386956247,1
416,502,31,0.0610981957086126,1
416,503,31,0.0851187463594652,1
416,504,31,0.113352705114562,1
417,472,31,0.059820095059799,1
417,502,31,0.063881978525365,1
417,503,31,0.0901575868265155,1
417,504,31,0.117132080431486,1
417,505,31,0.117850857627291,1
418,472,31,0.0598809730259933,1
418,502,31,0.0662373612845615,1
418,503,31,0.0987904635588714,1
418,504,31,0.128144746414867,1
418,505,31,0.125743616512119,1
419,467,31,0.0975881793324577,1
419,471,31,0.0897686940261757,1
419,472,31,0.0638913684121228,1
419,502,31,0.0626819485931473,1
419,503,31,0.090626960935378,1
419,504,31,0.115668087677545,1
419,505,31,0.114285393789488,1
420,468,31,0.0932632948773587,1
420,469,31,0.0904518834309401,1
420,470,31,0.0912849443253055,1
420,471,31,0.0856904774477283,1
420,472,31,0.0694775515099611,1
420,473,31,0.0500701794846195,1
420,502,31,0.0575143668874264,1
420,503,31,0.0813110270501838,1
420,504,31,0.106222871523073,1
420,505,31,0.111182667418435,1
421,469,31,0.0911908591027414,1
421,470,31,0.0834545061549565,1
421,471,31,0.0785345661809799,1
421,472,31,0.070354093230779,1
421,473,31,0.056226299252541,1
421,502,31,0.0559653481678636,1
421,503,31,0.0838403150808362,1
422,470,31,0.0761396641416648,1
422,471,31,0.0706953152231874,1
422,472,31,0.0666016071350251,1
422,473,31,0.0588737603906732,1
422,502,31,0.0567019853851522,1
423,470,31,0.0727438013762664,1
423,471,31,0.0675702442880634,1
423,472,31,0.0654592510655177,1
423,473,31,0.0611492870322706,1
423,474,31,0.0528135202634959,1
423,502,31,0.05640684116611,1
424,471,31,0.070167744255361,1
424,472,31,0.0664371578762899,1
424,473,31,0.0627418406813465,1
424,474,31,0.0613920655000027,1
424,475,31,0.0662089511662408,1
424,476,31,0.0696377025810959,1
424,477,31,0.0599874779067146,1
424,502,31,0.0537955088496256,1
424,503,31,0.073423377898866,1
425,471,31,0.0762724029953763,1
425,472,31,0.0682281134604183,1
425,473,31,0.0630503663907362,1
425,474,31,0.0688494450324445,1
425,475,31,0.0935296141879482,1
425,476,31,0.119972298752003,1
425,477,31,0.110400757962239,1
425,478,31,0.0678243543412873,1
425,502,31,0.0521887020497798,1
425,503,31,0.0667463688911152,1
425,504,31,0.0862834229472385,1
426,472,31,0.0744762234601644,1
426,473,31,0.0675567185228874,1
426,474,31,0.0728654430910824,1
426,475,31,0.0968170183509887,1
426,476,31,0.122878907539456,1
426,477,31,0.125733168609952,1
426,478,31,0.099484930446067,1
426,479,31,0.0806616340240058,1
426,480,31,0.0539560085849294,1
426,502,31,0.0524776424511947,1
426,503,31,0.065598590492635,1
426,504,31,0.0915217714563601,1
426,505,31,0.122764738058469,1
427,474,31,0.0746519862700379,1
427,475,31,0.0818554781729497,1
427,476,31,0.088179164137048,1
427,477,31,0.0992991345241585,1
427,478,31,0.117249952966406,1
427,479,31,0.136065626868359,1
427,480,31,0.0923875526795491,1
427,481,31,0.050166657264757,1
427,501,31,0.050734718362069,1
427,502,31,0.0564971932774855,1
427,503,31,0.0655435496455456,1
427,504,31,0.0835079479560296,1
428,475,31,0.0772393148619232,1
428,476,31,0.0770187847750428,1
428,477,31,0.0923917847411864,1
428,478,31,0.129337875201119,1
428,479,31,0.173178378801065,1
428,480,31,0.12620004195512,1
428,481,31,0.0683658358071657,1
428,500,31,0.0507103419274963,1
428,501,31,0.0565719877531831,1
428,502,31,0.0626459039318161,1
428,503,31,0.0694014585608067,1
428,504,31,0.0806856137028,1
429,477,31,0.0965827220408848,1
429,478,31,0.119426975968815,1
429,479,31,0.148180901205984,1
429,480,31,0.11708433748614,1
429,481,31,0.0760941093645521,1
429,482,31,0.0520459601412893,1
429,498,31,0.0491385157621212,1
429,499,31,0.051656893008865,1
429,500,31,0.057209946999199,1
429,501,31,0.0645212903478986,1
429,502,31,0.0718267965774933,1
429,503,31,0.077915308559614,1
430,478,31,0.102304210882092,1
430,479,31,0.114120487660462,1
430,480,31,0.099547575778911,1
430,481,31,0.078848724620134,1
430,482,31,0.0653655205185737,1
430,483,31,0.0555486944859315,1
430,489,31,0.0515745661848272,1
430,490,31,0.0558898142836697,1
430,491,31,0.0538700328100197,1
430,492,31,0.0476390404175352,1
430,497,31,0.0507797441314771,1
430,498,31,0.0554256040113789,1
430,499,31,0.058873598081491,1
430,500,31,0.0641971228425142,1
430,501,31,0.071822660699075,1
430,502,31,0.0812810539545538,1
431,479,31,0.0968926243725969,1
431,480,31,0.089798835442439,1
431,481,31,0.0780154112448186,1
431,482,31,0.0714198814464879,1
431,483,31,0.0640703413369314,1
431,484,31,0.0546556693659525,1
431,485,31,0.0500069630639126,1
431,486,31,0.0484492006885949,1
431,487,31,0.0489528671207669,1
431,488,31,0.057036931422519,1
431,489,31,0.0815808810940726,1
431,490,31,0.0943189237405577,1
431,491,31,0.084420768784775,1
431,492,31,0.0674584914104538,1
431,493,31,0.0557743884093835,1
431,494,31,0.0502583288896686,1
431,495,31,0.0496622363954608,1
431,496,31,0.0524027277464733,1
431,497,31,0.0583285518250573,1
431,498,31,0.0643450045417716,1
431,499,31,0.0676079000183133,1
431,500,31,0.0695258595317185,1
431,501,31,0.0744531635334021,1
432,481,31,0.0797496307526221,1
432,482,31,0.0756506085416085,1
432,483,31,0.0704310277830999,1
432,484,31,0.0645760486567821,1
432,485,31,0.0621584654121297,1
432,486,31,0.0609460158217548,1
432,487,31,0.0617379944586924,1
432,488,31,0.0771026745763899,1
432,489,31,0.119828192244093,1
432,490,31,0.14284923694005,1
432,491,31,0.126449661454306,1
432,492,31,0.095912475290531,1
432,493,31,0.0732232206200663,1
432,494,31,0.0604576034469757,1
432,495,31,0.0567254240333394,1
432,496,31,0.0587551544587078,1
432,497,31,0.0642507630214766,1
432,498,31,0.0702272936908425,1
432,499,31,0.0722850074214972,1
432,500,31,0.07215122858673,1
433,483,31,0.0771042796338574,1
433,485,31,0.0707478312607773,1
433,486,31,0.0706746598769009,1
433,487,31,0.0725946753066129,1
433,488,31,0.082233622498563,1
433,489,31,0.105109514694103,1
433,490,31,0.12412147450029,1
433,491,31,0.126258894062264,1
433,492,31,0.112240346186489,1
433,493,31,0.0890317201676204,1
433,494,31,0.0723567480799906,1
433,497,31,0.0709968676491975,1
433,498,31,0.073765411437185,1
434,486,31,0.0804815489807272,1
434,487,31,0.0808696242237052,1
434,488,31,0.0853126637519304,1
434,489,31,0.0908492343431032,1
434,490,31,0.102525696789712,1
434,491,31,0.115909940381794,1
434,492,31,0.11996025180382,1
434,493,31,0.106678479408712,1
404,477,32,0.0756262801986453,1
404,478,32,0.0851933665030783,1
404,479,32,0.08140663918135,1
404,480,32,0.0698422422078127,1
404,481,32,0.0685643699941444,1
404,485,32,0.0835793940534148,1
405,475,32,0.0596438212765745,1
405,476,32,0.0573401189632526,1
405,477,32,0.0648306817062595,1
405,478,32,0.0746875319809203,1
405,479,32,0.0707504221962399,1
405,480,32,0.0584192045089924,1
405,481,32,0.0547947863693759,1
405,482,32,0.0555830559409297,1
405,483,32,0.0558348395625433,1
405,484,32,0.0576768323672691,1
405,485,32,0.0690707325621748,1
405,486,32,0.0933356006122639,1
405,487,32,0.124449074544303,1
405,488,32,0.125007790840741,1
406,474,32,0.0714658570251838,1
406,475,32,0.0655499999326717,1
406,476,32,0.0618720017286048,1
406,477,32,0.0672861731621118,1
406,478,32,0.0666363052312899,1
406,479,32,0.0588526481740962,1
406,480,32,0.0523106503486065,1
406,481,32,0.049033775242324,1
406,485,32,0.0552604153441474,1
406,486,32,0.0816150081024744,1
406,487,32,0.117029440913879,1
406,488,32,0.112095951128922,1
406,489,32,0.104438227962693,1
407,473,32,0.066818885026812,1
407,474,32,0.0665390399510466,1
407,475,32,0.0634164397223614,1
407,476,32,0.0641558482186483,1
407,477,32,0.0705113588053429,1
407,478,32,0.0628944774384947,1
407,479,32,0.0527849298016394,1
407,480,32,0.0486757121694087,1
407,486,32,0.0542595027096736,1
407,487,32,0.0693887142842853,1
407,488,32,0.0690027971522842,1
407,489,32,0.0670142992706234,1
407,490,32,0.061546102925278,1
407,491,32,0.0613524740824698,1
407,492,32,0.0659091059923684,1
408,472,32,0.0899787281192795,1
408,473,32,0.0739867951501343,1
408,474,32,0.0639228263361965,1
408,475,32,0.0604033561114433,1
408,476,32,0.0618730296867582,1
408,477,32,0.0645623245137169,1
408,478,32,0.0576062939990135,1
408,479,32,0.049507342338391,1
408,491,32,0.0486214918854065,1
408,492,32,0.0540255129835804,1
408,493,32,0.0568741954273728,1
408,494,32,0.05681206106788,1
408,495,32,0.0589315845396633,1
408,496,32,0.0684569213155864,1
409,472,32,0.117212465556789,1
409,473,32,0.0841800642677033,1
409,474,32,0.0641071073724053,1
409,475,32,0.059517845305451,1
409,476,32,0.0594353201035239,1
409,477,32,0.0580847033190136,1
409,478,32,0.0517378071418733,1
409,496,32,0.0516373137123414,1
409,497,32,0.0575221937968749,1
409,498,32,0.0623769816628617,1
410,471,32,0.111363419732795,1
410,472,32,0.101533831389278,1
410,473,32,0.075608299948138,1
410,474,32,0.0627265896296792,1
410,475,32,0.0594838866176825,1
410,476,32,0.0592445527114819,1
410,477,32,0.0559047948200335,1
410,478,32,0.0489693114454953,1
410,498,32,0.0486553153155233,1
410,499,32,0.0528105626295107,1
410,500,32,0.0576643706289536,1
411,471,32,0.0831289259585427,1
411,472,32,0.0712290118597756,1
411,473,32,0.0636954612293139,1
411,474,32,0.0605401767405123,1
411,475,32,0.0589434631672134,1
411,476,32,0.0578904192280258,1
411,477,32,0.0552155759297262,1
411,478,32,0.0499286999808788,1
411,499,32,0.0501424371279152,1
411,500,32,0.0591494515536668,1
411,501,32,0.069059978075997,1
412,470,32,0.0775316156645529,1
412,471,32,0.0701634941593702,1
412,472,32,0.0694473680135395,1
412,473,32,0.0651442570346483,1
412,474,32,0.061119229776324,1
412,475,32,0.0575651215698179,1
412,476,32,0.0534883176823999,1
412,477,32,0.0503751223691004,1
412,499,32,0.0483354339748369,1
412,500,32,0.0613142532758081,1
412,501,32,0.0900951699288167,1
412,502,32,0.135471154460247,1
413,469,32,0.0746027164160901,1
413,470,32,0.0701230431043172,1
413,471,32,0.0737016660087735,1
413,472,32,0.0782002333116344,1
413,473,32,0.0700717413798675,1
413,474,32,0.0614824897487925,1
413,475,32,0.0552013648591147,1
413,476,32,0.0473187773496983,1
413,500,32,0.0584179781729497,1
413,501,32,0.0979707180288904,1
413,502,32,0.16720625452542,1
413,503,32,0.191104393995705,1
414,469,32,0.074656182262968,1
414,470,32,0.0720341255175619,1
414,471,32,0.0723465887274806,1
414,472,32,0.0714562687605369,1
414,473,32,0.0632782965740307,1
414,474,32,0.0544140090281417,1
414,500,32,0.0496771538115871,1
414,501,32,0.0737693369148117,1
414,502,32,0.114185050646236,1
414,503,32,0.138246112466653,1
414,504,32,0.128579662885512,1
415,470,32,0.0875597321835976,1
415,471,32,0.0769709155892222,1
415,472,32,0.0685449289609981,1
415,473,32,0.056614055888606,1
415,501,32,0.0524618924490787,1
415,502,32,0.06732028213616,1
415,503,32,0.0952598661379667,1
415,504,32,0.132248571775381,1
416,471,32,0.0845874002002919,1
416,472,32,0.0701547955894993,1
416,473,32,0.0539365615403319,1
416,502,32,0.0579221356445007,1
416,503,32,0.0892307653279502,1
416,504,32,0.135330618754343,1
417,472,32,0.0692262548158938,1
417,473,32,0.0511502839713359,1
417,502,32,0.0599479466036936,1
417,503,32,0.092617562824955,1
417,504,32,0.130091266332872,1
417,505,32,0.134854235293393,1
418,471,32,0.09316681108577,1
418,472,32,0.0668172679464421,1
418,473,32,0.0476590345041909,1
418,502,32,0.061812855060353,1
418,503,32,0.100347062718384,1
418,504,32,0.139666810749129,1
418,505,32,0.133755438199204,1
419,467,32,0.108077897153977,1
419,470,32,0.102321608021834,1
419,471,32,0.0897363103386188,1
419,472,32,0.0657939686677393,1
419,502,32,0.0595269706883564,1
419,503,32,0.093430064556253,1
419,504,32,0.128792744784369,1
419,505,32,0.122456999849185,1
420,468,32,0.0983629051044819,1
420,469,32,0.0948466089259566,1
420,470,32,0.0924834533603724,1
420,471,32,0.0823650929360736,1
420,472,32,0.0651349813654631,1
420,473,32,0.0489071289943929,1
420,502,32,0.056470472376949,1
420,503,32,0.0844496898764469,1
420,504,32,0.114642257577891,1
421,469,32,0.0945096610753438,1
421,470,32,0.0828912151441633,1
421,471,32,0.0744720334786854,1
421,472,32,0.0643815120848444,1
421,473,32,0.0531339426347892,1
421,502,32,0.0569446796925677,1
421,503,32,0.0887446493275254,1
422,470,32,0.0757835277388556,1
422,471,32,0.0696572818776195,1
422,472,32,0.0640288803580786,1
422,473,32,0.0565167485282044,1
422,502,32,0.0605220462037253,1
423,470,32,0.0740793234068404,1
423,471,32,0.0687702561859276,1
423,472,32,0.0654538227250937,1
423,473,32,0.0606257677825459,1
423,474,32,0.0522513954742333,1
423,502,32,0.0617707688905766,1
424,471,32,0.071932363671829,1
424,472,32,0.0672284451963407,1
424,473,32,0.0634021444914332,1
424,474,32,0.0614113141667109,1
424,475,32,0.0634698394432761,1
424,476,32,0.0643397324990786,1
424,477,32,0.0548320573667497,1
424,502,32,0.057451487107986,1
424,503,32,0.0781463346402709,1
425,471,32,0.0794748473187581,1
425,472,32,0.0702103834786469,1
425,473,32,0.0649986176066845,1
425,474,32,0.0695364637316165,1
425,475,32,0.0886308766023162,1
425,476,32,0.106149074948273,1
425,477,32,0.0918490949736189,1
425,478,32,0.0575783768196903,1
425,502,32,0.0540024590682693,1
425,503,32,0.0672229326956001,1
425,504,32,0.0856163322087591,1
426,472,32,0.0769316367671512,1
426,473,32,0.0695167822404227,1
426,474,32,0.0723904783326139,1
426,475,32,0.0900475111437878,1
426,476,32,0.106676784179476,1
426,477,32,0.101712623970551,1
426,478,32,0.0816958981896779,1
426,479,32,0.0724597482846685,1
426,480,32,0.0536792714294288,1
426,501,32,0.0475185889700547,1
426,502,32,0.0537845319397539,1
426,503,32,0.0649291853454478,1
426,504,32,0.0875805017474567,1
426,505,32,0.115390526953231,1
427,473,32,0.0791378994681453,1
427,474,32,0.0729576407179731,1
427,475,32,0.0752597740425345,1
427,476,32,0.0782039243426646,1
427,477,32,0.0852076436996529,1
427,478,32,0.103691774045612,1
427,479,32,0.133686715289208,1
427,480,32,0.0982179389590513,1
427,481,32,0.0526459871303006,1
427,501,32,0.0513830112926794,1
427,502,32,0.0570383741708045,1
427,503,32,0.0650369105507605,1
427,504,32,0.0805384834349413,1
427,505,32,0.102913086727254,1
428,475,32,0.0730065919650078,1
428,476,32,0.0718218311188109,1
428,477,32,0.0864166547399475,1
428,478,32,0.1272143781601,1
428,479,32,0.188196282345455,1
428,480,32,0.142020979195185,1
428,481,32,0.0723472319527579,1
428,500,32,0.0475009002749301,1
428,501,32,0.054641458295341,1
428,502,32,0.061325236197131,1
428,503,32,0.0676839629102118,1
428,504,32,0.0783116796052333,1
429,476,32,0.0823119937877183,1
429,477,32,0.0974632072736828,1
429,478,32,0.12167524669072,1
429,479,32,0.160510916602993,1
429,480,32,0.126587131320103,1
429,481,32,0.0788561728081576,1
429,482,32,0.0511676390309194,1
429,500,32,0.0523022162825878,1
429,501,32,0.0604938344632938,1
429,502,32,0.0684709941228206,1
429,503,32,0.0739395030636279,1
430,478,32,0.10582284551513,1
430,479,32,0.11746600452215,1
430,480,32,0.100629522775417,1
430,481,32,0.0809234507576544,1
430,482,32,0.0666476308053306,1
430,483,32,0.055500638945124,1
430,489,32,0.0495404413886395,1
430,490,32,0.0537940661013402,1
430,491,32,0.050716587825282,1
430,497,32,0.0473323301664047,1
430,498,32,0.0521581338204821,1
430,499,32,0.0543785775348318,1
430,500,32,0.0594833335641731,1
430,501,32,0.0672271166656279,1
430,502,32,0.0756460037699975,1
431,479,32,0.0964620541811615,1
431,480,32,0.088493605114408,1
431,481,32,0.0805874527163295,1
431,482,32,0.0753833273988287,1
431,483,32,0.0672341560749706,1
431,484,32,0.0565951979662251,1
431,485,32,0.0506383728338577,1
431,486,32,0.047338912705457,1
431,488,32,0.0534431175809074,1
431,489,32,0.0746446943797452,1
431,490,32,0.091275434209524,1
431,491,32,0.0823390152608143,1
431,492,32,0.0645534335774079,1
431,493,32,0.051871471759068,1
431,496,32,0.0486785014827605,1
431,497,32,0.0546044217445635,1
431,498,32,0.0609014890027955,1
431,499,32,0.0633841341836699,1
431,500,32,0.0661141626038875,1
431,501,32,0.0712416118614685,1
432,481,32,0.0824440473359941,1
432,482,32,0.0795807871230676,1
432,483,32,0.0740973277031524,1
432,484,32,0.0667551816785588,1
432,485,32,0.0628486220888225,1
432,486,32,0.0604956799788089,1
432,487,32,0.059896043734125,1
432,488,32,0.0709578954111371,1
432,489,32,0.106506527858892,1
432,490,32,0.138674752982257,1
432,491,32,0.12800197444912,1
432,492,32,0.0958763344459808,1
432,493,32,0.0682620180451261,1
432,494,32,0.0552897271801466,1
432,495,32,0.052310127352353,1
432,496,32,0.0547912516360766,1
432,497,32,0.0611064794883514,1
432,498,32,0.0676002835096564,1
432,499,32,0.0696979854136225,1
432,500,32,0.0703406937060779,1
433,482,32,0.0840115993595737,1
433,483,32,0.0792164931809945,1
433,484,32,0.0723724018988876,1
433,485,32,0.0696115227111664,1
433,486,32,0.0697591038378643,1
433,487,32,0.0722602222082436,1
433,488,32,0.0801056409149563,1
433,489,32,0.0990420067224375,1
433,490,32,0.121519526059112,1
433,491,32,0.12416185942938,1
433,492,32,0.109973872790383,1
433,493,32,0.083996654891917,1
433,494,32,0.0673632279434566,1
433,497,32,0.0682442181381545,1
433,498,32,0.0723320650614072,1
433,499,32,0.0737162437779076,1
434,485,32,0.0795707720453862,1
434,486,32,0.0783369517460332,1
434,487,32,0.0811360697747697,1
434,488,32,0.0854764938311931,1
434,489,32,0.0898502213272053,1
434,490,32,0.0997077388729481,1
434,491,32,0.110212779883549,1
434,492,32,0.114938381663477,1
434,493,32,0.102101228221234,1
404,479,33,0.0850066267833331,1
404,480,33,0.0756389523377524,1
404,481,33,0.0749915370790157,1
405,477,33,0.0646431304406038,1
405,478,33,0.0714215947100768,1
405,479,33,0.0677194244607776,1
405,480,33,0.061963357752329,1
405,481,33,0.0614824536800854,1
405,482,33,0.0617161909252287,1
405,483,33,0.0600998199065407,1
405,484,33,0.0625028734736685,1
405,485,33,0.0774121621179699,1
405,486,33,0.108222292211545,1
405,487,33,0.141271699896045,1
406,475,33,0.0611968556455317,1
406,476,33,0.0592332391603436,1
406,477,33,0.0626820207305616,1
406,478,33,0.062523528819955,1
406,479,33,0.0574643516135312,1
406,480,33,0.0551273037804622,1
406,481,33,0.0536468336388112,1
406,482,33,0.0513171859021563,1
406,483,33,0.0490992549744037,1
406,484,33,0.049795459170993,1
406,485,33,0.0599568675972585,1
406,486,33,0.085729269342253,1
406,487,33,0.118628306586704,1
406,488,33,0.121034474085548,1
406,490,33,0.111225444905098,1
407,474,33,0.0638401929281481,1
407,475,33,0.0611510063073108,1
407,476,33,0.0620655945027058,1
407,477,33,0.0664775548282822,1
407,478,33,0.0616971586707633,1
407,479,33,0.0538943912102388,1
407,480,33,0.051363979038214,1
407,481,33,0.0482580605865791,1
407,486,33,0.0546776953231102,1
407,487,33,0.0679534021639685,1
407,488,33,0.0708345163869274,1
407,489,33,0.0745226619206019,1
407,490,33,0.0745504047678406,1
407,491,33,0.0714968941476743,1
407,492,33,0.0701182219204634,1
408,473,33,0.0719522134836562,1
408,474,33,0.0658776661026483,1
408,475,33,0.0622812493026717,1
408,476,33,0.063141740448814,1
408,477,33,0.0651097873735287,1
408,478,33,0.0599387611062763,1
408,479,33,0.0521361980350923,1
408,480,33,0.0476231070661579,1
408,490,33,0.0492773351987107,1
408,491,33,0.0527164413382394,1
408,492,33,0.0569458940057079,1
408,493,33,0.0583575089854363,1
408,494,33,0.057072176560842,1
408,495,33,0.0601723300307863,1
409,472,33,0.104370370701668,1
409,473,33,0.0827475114034825,1
409,474,33,0.0688616242325541,1
409,475,33,0.0635881087339749,1
409,476,33,0.061506289084051,1
409,477,33,0.0593124460412141,1
409,478,33,0.0541790093782486,1
409,479,33,0.048501166678401,1
409,495,33,0.0481339872397571,1
409,496,33,0.0535981529070801,1
409,497,33,0.0589081218456713,1
409,498,33,0.0611624701447288,1
410,472,33,0.0934098179886473,1
410,473,33,0.077586007274914,1
410,474,33,0.068412899458527,1
410,475,33,0.0640911109007905,1
410,476,33,0.0633075543069691,1
410,477,33,0.0597707470569859,1
410,478,33,0.0516293485395155,1
410,498,33,0.048449155602711,1
410,499,33,0.052102660148907,1
410,500,33,0.056820921946933,1
411,471,33,0.0780866289070585,1
411,472,33,0.0706326338216363,1
411,473,33,0.0667296269995529,1
411,474,33,0.065430366042553,1
411,475,33,0.0630175799359497,1
411,476,33,0.0644046020688626,1
411,477,33,0.0641868312380781,1
411,478,33,0.0555219495395902,1
411,479,33,0.0472785276782602,1
411,499,33,0.0507559087275114,1
411,500,33,0.0602241727858431,1
411,501,33,0.0722634804147882,1
412,470,33,0.074596139888489,1
412,471,33,0.0712723724572042,1
412,472,33,0.071571532325641,1
412,473,33,0.0671004794348736,1
412,474,33,0.0648998554750951,1
412,475,33,0.0609639900608109,1
412,476,33,0.0584679994582961,1
412,477,33,0.0580019617048437,1
412,478,33,0.0530187992987089,1
412,499,33,0.0502431109009828,1
412,500,33,0.0639995084075675,1
412,501,33,0.0968157379118854,1
412,502,33,0.148933631078106,1
412,503,33,0.155692173398338,1
413,470,33,0.0715355658131753,1
413,471,33,0.0770973965222456,1
413,472,33,0.0823959016234188,1
413,473,33,0.0713885557743403,1
413,474,33,0.0641154933468144,1
413,475,33,0.0584070132859804,1
413,476,33,0.0493949462355042,1
413,500,33,0.0599519862988928,1
413,501,33,0.104172690140758,1
413,502,33,0.193263334552937,1
413,503,33,0.21934840389719,1
413,504,33,0.147272330473229,1
414,469,33,0.0787395747008894,1
414,470,33,0.0764328666619729,1
414,471,33,0.0760491857898143,1
414,472,33,0.0730767816690943,1
414,473,33,0.0632423901760768,1
414,474,33,0.0569071441913415,1
414,475,33,0.0510498506563158,1
414,500,33,0.0500738013839611,1
414,501,33,0.0727097885854373,1
414,502,33,0.122224140275915,1
414,503,33,0.152466584987877,1
414,504,33,0.137387857580353,1
415,470,33,0.0926933612130012,1
415,471,33,0.0819856441255522,1
415,472,33,0.0712428321860599,1
415,473,33,0.0590543323614981,1
415,474,33,0.0484255366109881,1
415,501,33,0.0533039404629722,1
415,502,33,0.0688897397897666,1
415,503,33,0.100286413187335,1
415,504,33,0.146272421751104,1
416,471,33,0.0887551032411436,1
416,472,33,0.0784626812476579,1
416,473,33,0.0618443250073292,1
416,501,33,0.0473537279269131,1
416,502,33,0.0602156846167637,1
416,503,33,0.0965900920800429,1
416,504,33,0.158660567881114,1
416,505,33,0.188334822249564,1
417,472,33,0.0839670064146512,1
417,473,33,0.0635391695098426,1
417,502,33,0.0613507788532344,1
417,503,33,0.0994700881730805,1
417,504,33,0.145791794205615,1
417,505,33,0.148980472305773,1
418,471,33,0.0984284359338967,1
418,472,33,0.0824602001053399,1
418,473,33,0.0598956469783465,1
418,502,33,0.0614633673225593,1
418,503,33,0.106144458153759,1
418,504,33,0.155583077582154,1
418,505,33,0.142882408127713,1
419,470,33,0.10632121886453,1
419,471,33,0.0955063596825338,1
419,472,33,0.0751845888225096,1
419,473,33,0.0547106380756277,1
419,502,33,0.0591145250222568,1
419,503,33,0.0996448410591542,1
419,504,33,0.148040978668101,1
419,505,33,0.137607251502959,1
420,468,33,0.108062579976347,1
420,469,33,0.104651574365402,1
420,470,33,0.0999482991151913,1
420,471,33,0.0867597583165782,1
420,472,33,0.0690085741568771,1
420,473,33,0.053044967145736,1
420,502,33,0.0581922481807906,1
420,503,33,0.090728506368868,1
421,469,33,0.101385901598411,1
421,470,33,0.0876814400243767,1
421,471,33,0.0772316262158521,1
421,472,33,0.0651912245027905,1
421,473,33,0.0537139935714984,1
421,502,33,0.0618607002003689,1
422,469,33,0.0983837107370482,1
422,470,33,0.0787091928265786,1
422,471,33,0.0715729450166705,1
422,472,33,0.0639920481966416,1
422,473,33,0.0559402984507577,1
422,502,33,0.0681820176526986,1
423,470,33,0.0771119442341238,1
423,471,33,0.0706926581617617,1
423,472,33,0.0651364120908462,1
423,473,33,0.0594857321331976,1
423,474,33,0.0511944200459679,1
423,502,33,0.0684394881071373,1
424,471,33,0.0738445642149949,1
424,472,33,0.0681259668818093,1
424,473,33,0.0635300020467789,1
424,474,33,0.0593014510969889,1
424,475,33,0.0576928228274327,1
424,476,33,0.0571714496657826,1
424,477,33,0.0492517384395465,1
424,502,33,0.0609117204927197,1
424,503,33,0.0840552665410129,1
425,471,33,0.0810623393259326,1
425,472,33,0.0720365962240007,1
425,473,33,0.0670855770473752,1
425,474,33,0.067939064852882,1
425,475,33,0.079629888656382,1
425,476,33,0.0911002665333182,1
425,477,33,0.0763729505279689,1
425,478,33,0.0507736906001294,1
425,501,33,0.0473988077993818,1
425,502,33,0.0560709934110648,1
425,503,33,0.0684874474647258,1
425,504,33,0.0859702864547866,1
426,472,33,0.0792966258253482,1
426,473,33,0.0724105385452327,1
426,474,33,0.072944493674222,1
426,475,33,0.0851820409290376,1
426,476,33,0.0973025572520993,1
426,477,33,0.0884001450827676,1
426,478,33,0.0724473226150601,1
426,479,33,0.0687015332759312,1
426,480,33,0.0559952130573721,1
426,501,33,0.0500147659275563,1
426,502,33,0.0559869172547309,1
426,503,33,0.0645782308135638,1
426,504,33,0.0806288295348657,1
426,505,33,0.101351912853387,1
427,472,33,0.0903150267331639,1
427,473,33,0.0808177754571973,1
427,474,33,0.0738637708015448,1
427,475,33,0.074552671084939,1
427,476,33,0.0762911346772822,1
427,477,33,0.0810861807413495,1
427,478,33,0.102845493970082,1
427,479,33,0.140731126159296,1
427,480,33,0.106285679165099,1
427,481,33,0.0560643868262077,1
427,501,33,0.0531960048568678,1
427,502,33,0.0587212558854512,1
427,503,33,0.065177079558142,1
427,504,33,0.076366602435513,1
427,505,33,0.0929229625797263,1
428,474,33,0.0821116982455411,1
428,475,33,0.0731742573501292,1
428,476,33,0.071172504218596,1
428,477,33,0.0855366985148542,1
428,478,33,0.139135590830431,1
428,479,33,0.217052462367354,1
428,480,33,0.160318405890106,1
428,481,33,0.0760134897926521,1
428,501,33,0.0549420729349655,1
428,502,33,0.061971455177081,1
428,503,33,0.0675525345528596,1
428,504,33,0.0764714902358643,1
429,476,33,0.0821834990185464,1
429,477,33,0.0977631666651277,1
429,478,33,0.132576147773589,1
429,479,33,0.182981612942568,1
429,480,33,0.138429076995052,1
429,481,33,0.0808535856719321,1
429,482,33,0.0506232720684701,1
429,500,33,0.0497775179949184,1
429,501,33,0.0584708007945503,1
429,502,33,0.067361430519551,1
429,503,33,0.0728621788730866,1
429,504,33,0.0827425218989953,1
430,477,33,0.106874488786191,1
430,478,33,0.114064581164402,1
430,479,33,0.126113561218311,1
430,480,33,0.104674526086043,1
430,481,33,0.083329479993121,1
430,482,33,0.0671540655107752,1
430,483,33,0.0538211537003993,1
430,489,33,0.0495884458321118,1
430,490,33,0.0538761885360375,1
430,491,33,0.0502748002659274,1
430,498,33,0.0501324701418433,1
430,499,33,0.0517110862413368,1
430,500,33,0.0567489648761968,1
430,501,33,0.0653375131674827,1
430,502,33,0.0739658031625812,1
430,503,33,0.079224891178306,1
431,479,33,0.0990859684649851,1
431,480,33,0.0912890681808214,1
431,481,33,0.0858024046574223,1
431,482,33,0.0796174569753225,1
431,483,33,0.0678812707611478,1
431,484,33,0.0554998935251765,1
431,485,33,0.0492375694490933,1
431,488,33,0.051099294842348,1
431,489,33,0.0671100436537158,1
431,490,33,0.0834504905055621,1
431,491,33,0.0779138718227797,1
431,492,33,0.0618019923680539,1
431,493,33,0.0502840879580149,1
431,496,33,0.0481109513587996,1
431,497,33,0.052850833341028,1
431,498,33,0.0572487569280773,1
431,499,33,0.0596398657416919,1
431,500,33,0.0641156135758382,1
431,501,33,0.0707517687613063,1
431,502,33,0.0781489195642823,1
432,480,33,0.0896845577553299,1
432,481,33,0.0891240560578885,1
432,482,33,0.0866334577270905,1
432,483,33,0.078389461772172,1
432,484,33,0.0686782809827309,1
432,485,33,0.0636995670504762,1
432,486,33,0.060988570884724,1
432,487,33,0.0590263310218582,1
432,488,33,0.064613163356425,1
432,489,33,0.0882523355209245,1
432,490,33,0.120676912968807,1
432,491,33,0.120681890450391,1
432,492,33,0.0936180967380038,1
432,493,33,0.0663689759969006,1
432,494,33,0.0555674862823493,1
432,495,33,0.0537053250588834,1
432,496,33,0.0561667137483524,1
432,497,33,0.0613508389677463,1
432,498,33,0.0648708923032649,1
432,499,33,0.0666333596202071,1
432,500,33,0.0688855437968364,1
432,501,33,0.0723051217371767,1
433,482,33,0.0893635402503688,1
433,483,33,0.0831575524891063,1
433,484,33,0.074899561875819,1
433,485,33,0.0714195628395749,1
433,486,33,0.0708692505518993,1
433,487,33,0.071772110406024,1
433,488,33,0.0762718980334764,1
433,489,33,0.0888457378907251,1
433,490,33,0.110777303241836,1
433,491,33,0.117729666771314,1
433,492,33,0.10666598761314,1
433,493,33,0.0837722714648243,1
433,494,33,0.0701390155301273,1
433,497,33,0.0715048953892073,1
433,498,33,0.0718163065951679,1
433,499,33,0.0716591071465671,1
434,484,33,0.0839665495443608,1
434,485,33,0.0790777729333497,1
434,486,33,0.0787994427432839,1
434,487,33,0.0827220529076957,1
434,488,33,0.0872990636371261,1
434,489,33,0.0890754955551811,1
434,490,33,0.0954093048030822,1
434,491,33,0.10287015294286,1
434,492,33,0.109174999018931,1
434,493,33,0.102370745623856,1
435,490,33,0.0879987364410516,1
435,491,33,0.0923418235703519,1
435,492,33,0.105005576703039,1
405,478,34,0.0656424500405124,1
405,479,34,0.0647417783546206,1
405,480,34,0.0659583638234138,1
405,481,34,0.0685012557681076,1
405,482,34,0.0679774179114699,1
405,483,34,0.0645046326166529,1
405,486,34,0.119898550268813,1
406,477,34,0.0589339049598223,1
406,478,34,0.0588708268024928,1
406,479,34,0.0567567857741941,1
406,480,34,0.0573886854774112,1
406,481,34,0.0574337593384287,1
406,482,34,0.0545830750813902,1
406,483,34,0.0521468803838557,1
406,484,34,0.0540896130876121,1
406,485,34,0.0632147014318988,1
406,486,34,0.0847993699806787,1
406,487,34,0.112057069062629,1
406,489,34,0.144266616901469,1
406,490,34,0.143923158649218,1
407,475,34,0.060374867844257,1
407,476,34,0.0610455714649012,1
407,477,34,0.0634887634916201,1
407,478,34,0.0606317431650281,1
407,479,34,0.0552354918675165,1
407,480,34,0.0534741066117884,1
407,481,34,0.0507403330574799,1
407,485,34,0.0473846658604589,1
407,486,34,0.0541939658688076,1
407,487,34,0.064593000949136,1
407,488,34,0.0737607645854157,1
407,489,34,0.0861936238893724,1
407,490,34,0.0963499165706758,1
407,491,34,0.0876064111020827,1
408,474,34,0.0673689027533793,1
408,475,34,0.0640834162432681,1
408,476,34,0.0645278909213044,1
408,477,34,0.066407948234961,1
408,478,34,0.0628445944165257,1
408,479,34,0.0552226994993856,1
408,480,34,0.050154925917761,1
408,489,34,0.0511542635520232,1
408,490,34,0.0570304570895881,1
408,491,34,0.0596553512399556,1
408,492,34,0.0620774550959024,1
408,493,34,0.0627690905895877,1
408,494,34,0.0599703092021179,1
408,495,34,0.0623909763212304,1
409,473,34,0.0783262333285626,1
409,474,34,0.0714638912806449,1
409,475,34,0.0667471443683186,1
409,476,34,0.0638872746138628,1
409,477,34,0.0626752638594248,1
409,478,34,0.0593396178005899,1
409,479,34,0.0534279206323008,1
409,480,34,0.0473247527321805,1
409,492,34,0.0482311563367813,1
409,493,34,0.0494445827879745,1
409,494,34,0.0480469173807309,1
409,495,34,0.0501340902279388,1
409,496,34,0.0573765243116552,1
409,497,34,0.063304945337153,1
409,498,34,0.0616375731665747,1
410,472,34,0.0814875052227488,1
410,473,34,0.0764814872791922,1
410,474,34,0.0708435576095161,1
410,475,34,0.0672067558804497,1
410,476,34,0.0688546389262721,1
410,477,34,0.0687730935908889,1
410,478,34,0.0587109883268198,1
410,479,34,0.0509260508305229,1
410,497,34,0.0476045797735924,1
410,498,34,0.0494637202428357,1
410,499,34,0.0519534018273273,1
410,500,34,0.055680736011305,1
411,472,34,0.0696991997267627,1
411,473,34,0.0684445136803316,1
411,474,34,0.0664491026298031,1
411,475,34,0.0653303956092745,1
411,476,34,0.0743975996900592,1
411,477,34,0.0805682821984868,1
411,478,34,0.0649793028140132,1
411,479,34,0.0514007691194926,1
411,499,34,0.0513237323725015,1
411,500,34,0.0596633945616469,1
411,501,34,0.0712459881979343,1
412,471,34,0.0719758865784397,1
412,472,34,0.0719332293208003,1
412,473,34,0.0677606630159364,1
412,474,34,0.0650352273444275,1
412,475,34,0.06245405447856,1
412,476,34,0.0649094918313516,1
412,477,34,0.0691118448768585,1
412,478,34,0.0593701259153757,1
412,479,34,0.0481607021288424,1
412,499,34,0.0523180263992158,1
412,500,34,0.064706100391812,1
412,501,34,0.0964446209727124,1
412,502,34,0.14736756388297,1
412,503,34,0.16172372688044,1
413,470,34,0.0709864017126769,1
413,471,34,0.0777386139748062,1
413,472,34,0.0801323558040417,1
413,473,34,0.0693952848004352,1
413,474,34,0.0634655833358341,1
413,475,34,0.0595162703052394,1
413,476,34,0.0513612558508252,1
413,499,34,0.0494455145629088,1
413,500,34,0.0605205794096351,1
413,501,34,0.103416185077289,1
413,502,34,0.196055052485259,1
413,503,34,0.234610684955329,1
413,504,34,0.158249228322034,1
414,469,34,0.0839706012624625,1
414,470,34,0.0790445536540774,1
414,471,34,0.0777585359240476,1
414,472,34,0.0727583490881446,1
414,473,34,0.063103225081044,1
414,474,34,0.0585581351574288,1
414,475,34,0.0543191543398253,1
414,500,34,0.0513066117595143,1
414,501,34,0.0732811469637266,1
414,502,34,0.123286712365238,1
414,503,34,0.160731885525811,1
414,504,34,0.142649981378929,1
415,471,34,0.0826504144438725,1
415,472,34,0.0710323412226657,1
415,473,34,0.0616728543736049,1
415,474,34,0.0533820893284334,1
415,501,34,0.0550075135926125,1
415,502,34,0.0691811028060108,1
415,503,34,0.102360225584275,1
415,504,34,0.149367874266218,1
416,472,34,0.0839132460066651,1
416,473,34,0.0714990402357489,1
416,474,34,0.0521809412662944,1
416,501,34,0.0480387267784854,1
416,502,34,0.0593861644671488,1
416,503,34,0.0982506111962653,1
416,504,34,0.167700576156719,1
416,505,34,0.204531883967642,1
417,472,34,0.106341441386331,1
417,473,34,0.0874873723456317,1
417,474,34,0.0546704094442687,1
417,502,34,0.0601749450120537,1
417,503,34,0.106101187728098,1
418,471,34,0.111781227613356,1
418,472,34,0.120000793030641,1
418,473,34,0.094996967343104,1
418,474,34,0.0566775187788117,1
418,502,34,0.0602685192612667,1
418,503,34,0.113403634129038,1
419,470,34,0.110560710655485,1
419,471,34,0.107196798753158,1
419,472,34,0.102459041818925,1
419,473,34,0.0802261584883999,1
419,474,34,0.05307182630965,1
419,502,34,0.0593104322050657,1
419,503,34,0.106318982604688,1
419,504,34,0.164143720717019,1
419,505,34,0.149091383580216,1
420,468,34,0.120706645606389,1
420,469,34,0.118237201572326,1
420,470,34,0.114428081594918,1
420,471,34,0.0981193451480952,1
420,472,34,0.0818384958233399,1
420,473,34,0.0649320287618604,1
420,474,34,0.0495644901991223,1
420,502,34,0.0614202171259223,1
420,503,34,0.101799465394432,1
421,469,34,0.110802912023903,1
421,470,34,0.101065731708068,1
421,471,34,0.0859993397983846,1
421,472,34,0.0713363282864075,1
421,473,34,0.0589041903565935,1
421,474,34,0.0483512200456601,1
421,502,34,0.0693471871794694,1
422,469,34,0.100591921148228,1
422,470,34,0.0851567928340424,1
422,471,34,0.0773652788101443,1
422,472,34,0.0689091086854986,1
422,473,34,0.059759764135663,1
422,474,34,0.0497009952270039,1
423,470,34,0.0793419341329621,1
423,471,34,0.0763093914545442,1
423,472,34,0.0715504261205153,1
423,473,34,0.0642237054796734,1
423,474,34,0.0539341870171121,1
423,501,34,0.048795141670187,1
424,471,34,0.0776349765563022,1
424,472,34,0.0751114414844379,1
424,473,34,0.0693152663736541,1
424,474,34,0.0617192868225912,1
424,475,34,0.0561841890369598,1
424,476,34,0.0533184761519479,1
424,501,34,0.0481118290306732,1
424,502,34,0.0636389054965247,1
425,471,34,0.0851822753756339,1
425,472,34,0.0802105467496612,1
425,473,34,0.0761631388585591,1
425,474,34,0.0729103666658203,1
425,475,34,0.0752320191723934,1
425,476,34,0.07863312993468,1
425,477,34,0.0649685423163843,1
425,501,34,0.0486765627897519,1
425,502,34,0.0575405347344535,1
425,503,34,0.0695906990442466,1
426,472,34,0.0880608948463492,1
426,473,34,0.0819443093871744,1
426,474,34,0.0807506455817661,1
426,475,34,0.0841333973721206,1
426,476,34,0.0882953113854769,1
426,477,34,0.0771307841221511,1
426,478,34,0.065213689295885,1
426,479,34,0.0629551149466414,1
426,480,34,0.0537845860428146,1
426,501,34,0.0517159975969585,1
426,502,34,0.057600847624236,1
426,503,34,0.0647154181411554,1
426,504,34,0.0775720246394476,1
426,505,34,0.0936925545724348,1
427,472,34,0.0972964856863981,1
427,473,34,0.085216029674062,1
427,474,34,0.0799748918515885,1
427,475,34,0.0781084805321317,1
427,476,34,0.0764738106560234,1
427,477,34,0.0779291829889589,1
427,478,34,0.0997402728467847,1
427,479,34,0.134182010775598,1
427,480,34,0.100912608023373,1
427,481,34,0.0543200079658942,1
427,500,34,0.0480609060276484,1
427,501,34,0.0558199912781057,1
427,502,34,0.0613242082389776,1
427,503,34,0.0669428291274335,1
427,504,34,0.0760022844476352,1
427,505,34,0.0879724964566102,1
428,473,34,0.0977343056879678,1
428,474,34,0.0828366792589737,1
428,475,34,0.076261089444238,1
428,476,34,0.0730057563732925,1
428,477,34,0.0867209123189928,1
428,478,34,0.147572001315017,1
428,479,34,0.221919381341841,1
428,480,34,0.156747171059162,1
428,481,34,0.0730456904435431,1
428,500,34,0.0491405686727024,1
428,501,34,0.0571526458464623,1
428,502,34,0.064582108199581,1
428,503,34,0.0700622553098908,1
428,504,34,0.0780348643008673,1
429,475,34,0.0826606519452479,1
429,476,34,0.0832220373260142,1
429,477,34,0.100833196753162,1
429,478,34,0.148088649476032,1
429,479,34,0.19553500184287,1
429,480,34,0.140635483970874,1
429,481,34,0.0809316804343326,1
429,482,34,0.0514316319098986,1
429,500,34,0.0510328142036453,1
429,501,34,0.0597051981932175,1
429,502,34,0.0690347420039043,1
429,503,34,0.0746306516297669,1
429,504,34,0.0833897928829035,1
430,477,34,0.111702645923409,1
430,478,34,0.130219514632545,1
430,479,34,0.137378648037131,1
430,480,34,0.110742533008157,1
430,481,34,0.0881774929536174,1
430,482,34,0.0698007752175087,1
430,483,34,0.05462891840816,1
430,489,34,0.0474572781793748,1
430,490,34,0.0513032994499089,1
430,491,34,0.0484713408633252,1
430,497,34,0.0481173084684323,1
430,498,34,0.0519780547886547,1
430,499,34,0.0530447086533349,1
430,500,34,0.0588931052406004,1
430,501,34,0.0670834670280078,1
430,502,34,0.0743374611323612,1
430,503,34,0.079321513233272,1
431,478,34,0.108468437091943,1
431,479,34,0.105571085939321,1
431,480,34,0.0990864253352755,1
431,481,34,0.0965892865455835,1
431,482,34,0.0870029034828328,1
431,483,34,0.0707519971964515,1
431,484,34,0.0558192999612189,1
431,485,34,0.04966243477335,1
431,486,34,0.0474004669599101,1
431,488,34,0.0491826007394181,1
431,489,34,0.0600384009097394,1
431,490,34,0.0731544856871675,1
431,491,34,0.0720717932707142,1
431,492,34,0.0593664469072478,1
431,493,34,0.0497416115969646,1
431,495,34,0.0476151058246249,1
431,496,34,0.0504836921833052,1
431,497,34,0.05559973771798,1
431,498,34,0.0591521326608972,1
431,499,34,0.0615451110358317,1
431,500,34,0.0684978412638321,1
431,501,34,0.0740475829445608,1
431,502,34,0.0778817045474657,1
432,480,34,0.0990753822994407,1
432,481,34,0.103379250721182,1
432,482,34,0.0982953664503698,1
432,483,34,0.0848377651194249,1
432,484,34,0.071880033989226,1
432,485,34,0.0659932542861166,1
432,486,34,0.0630694828055183,1
432,487,34,0.0597345340750214,1
432,488,34,0.0605172310313226,1
432,489,34,0.074924707776144,1
432,490,34,0.100425926946537,1
432,491,34,0.108301054245027,1
432,492,34,0.088304076081311,1
432,493,34,0.0667765764333416,1
432,494,34,0.0583579598442755,1
432,495,34,0.0580388179120855,1
432,496,34,0.0632553147961339,1
432,497,34,0.069621129010167,1
432,498,34,0.0697162421908844,1
432,499,34,0.069603539503987,1
432,500,34,0.0725954447723651,1
432,501,34,0.0744971433103032,1
433,482,34,0.100074010582462,1
433,483,34,0.090492238302774,1
433,484,34,0.0806621750546128,1
433,485,34,0.0761611069880571,1
433,486,34,0.0745461546718498,1
433,487,34,0.0738182100129809,1
433,488,34,0.0753195278673564,1
433,489,34,0.0833449654913847,1
433,490,34,0.100742075176035,1
433,491,34,0.110895861082192,1
433,492,34,0.102494641632868,1
433,493,34,0.0872837344365933,1
433,494,34,0.0777081178829227,1
433,497,34,0.0877656604555391,1
433,498,34,0.0812036384861377,1
433,499,34,0.0754137393303955,1
434,484,34,0.0849884241091318,1
434,485,34,0.080933279480349,1
434,486,34,0.0813248533879192,1
434,487,34,0.0853905841822464,1
434,488,34,0.0900247457781338,1
434,489,34,0.0915028774652721,1
434,490,34,0.0942547815563676,1
434,491,34,0.0993115601937669,1
434,492,34,0.105061302855564,1
434,493,34,0.106265023818812,1
434,498,34,0.0933378729408135,1
435,488,34,0.0951925799648046,1
435,489,34,0.0925289720687779,1
435,490,34,0.0884928176143022,1
435,491,34,0.0888202493376824,1
435,492,34,0.101227211309915,1
405,481,35,0.0726083994496781,1
406,478,35,0.058387981031515,1
406,479,35,0.0575498284379922,1
406,480,35,0.0591648408687114,1
406,481,35,0.059135583135773,1
406,482,35,0.0566499562751086,1
406,483,35,0.0549173117675167,1
406,484,35,0.0589941156549346,1
406,485,35,0.0657681675192347,1
406,486,35,0.0802152777617472,1
406,488,35,0.12840527068651,1
406,489,35,0.156649929824723,1
407,477,35,0.0627540679730656,1
407,478,35,0.0605597380026824,1
407,479,35,0.0563238170137342,1
407,480,35,0.0548287450571444,1
407,481,35,0.0521829370680893,1
407,482,35,0.0487119161341964,1
407,483,35,0.0474609030844419,1
407,484,35,0.0481344681558522,1
407,485,35,0.0499019520288119,1
407,486,35,0.0535858234206908,1
407,487,35,0.0605642706368791,1
407,488,35,0.075281156774415,1
407,489,35,0.0998876014925327,1
407,490,35,0.122225366611958,1
408,475,35,0.0648684937342404,1
408,476,35,0.0651390330835648,1
408,477,35,0.0659927012326072,1
408,478,35,0.0633048671882875,1
408,479,35,0.0563057706372638,1
408,480,35,0.0519005491484707,1
408,481,35,0.0486994303500761,1
408,482,35,0.0477883889108828,1
408,488,35,0.0483503183279817,1
408,489,35,0.0573508554150768,1
408,490,35,0.0682435568785237,1
408,491,35,0.0705644699766005,1
408,492,35,0.0694632382446793,1
408,493,35,0.068745122308505,1
408,494,35,0.0642139849631003,1
409,474,35,0.071179711948572,1
409,475,35,0.0691687312394631,1
409,476,35,0.065683874950658,1
409,477,35,0.0648784607203123,1
409,478,35,0.0624440454123298,1
409,479,35,0.0558980018801896,1
409,480,35,0.0491847798904742,1
409,482,35,0.0474941584324213,1
409,483,35,0.0487651956260874,1
409,491,35,0.0486082847271436,1
409,492,35,0.0515845151365455,1
409,493,35,0.0521588010915641,1
409,494,35,0.0503200334304014,1
409,495,35,0.0529137792464314,1
409,496,35,0.0616093373803385,1
409,497,35,0.0675562977213041,1
409,498,35,0.0627700283759733,1
410,473,35,0.0733464974496058,1
410,474,35,0.0708347327991702,1
410,475,35,0.0713497879256204,1
410,476,35,0.0745636299604572,1
410,477,35,0.0774385584001422,1
410,478,35,0.0655531559445461,1
410,479,35,0.0548111795967692,1
410,480,35,0.0473004454292965,1
410,497,35,0.0493638249526971,1
410,498,35,0.0509032133274546,1
410,499,35,0.0522412721904305,1
411,472,35,0.0778823117040358,1
411,473,35,0.0710226748091533,1
411,474,35,0.0659202271770687,1
411,475,35,0.0682873382775355,1
411,476,35,0.0817631543055841,1
411,477,35,0.0926365169305549,1
411,478,35,0.0708912945434106,1
411,479,35,0.0528690300037781,1
411,499,35,0.051323305559467,1
411,500,35,0.0586606424231092,1
411,501,35,0.069497996455456,1
412,471,35,0.0772329848038209,1
412,472,35,0.0774243653638842,1
412,473,35,0.0688596103964057,1
412,474,35,0.0641037409597392,1
412,475,35,0.0637339585627303,1
412,476,35,0.067756713492505,1
412,477,35,0.0736787744026445,1
412,478,35,0.060747030775937,1
412,479,35,0.048256103859217,1
412,482,35,0.0486675816816751,1
412,483,35,0.0510712814798058,1
412,499,35,0.0528727150233571,1
412,500,35,0.062720740487672,1
412,501,35,0.0887184033316328,1
412,502,35,0.136268152658927,1
412,503,35,0.168470258321195,1
413,471,35,0.0744947507527299,1
413,472,35,0.0741189629159828,1
413,473,35,0.0658169083654778,1
413,474,35,0.0612895642457735,1
413,475,35,0.058686227159371,1
413,476,35,0.0513055056524954,1
413,477,35,0.0473264810243975,1
413,482,35,0.0516983840449737,1
413,483,35,0.0523037431911899,1
413,499,35,0.0512521540231902,1
413,500,35,0.0587797352826209,1
413,501,35,0.0915837014265126,1
413,502,35,0.174601169068554,1
413,503,35,0.238074627405446,1
413,504,35,0.170442206677732,1
414,470,35,0.0818436837057163,1
414,471,35,0.0750828389996791,1
414,472,35,0.0696299478090617,1
414,473,35,0.0629423285899617,1
414,474,35,0.0588840940752676,1
414,475,35,0.0543936783002194,1
414,500,35,0.0521950681765893,1
414,501,35,0.0705769737950743,1
414,502,35,0.118041540859016,1
414,503,35,0.173219412966883,1
414,504,35,0.158957004562162,1
415,471,35,0.0843051806013067,1
415,472,35,0.0714917062652979,1
415,473,35,0.0653530948489654,1
415,474,35,0.0577311217829599,1
415,475,35,0.0491658468249535,1
415,500,35,0.0477686893853354,1
415,501,35,0.058371341334623,1
415,502,35,0.0783310304666117,1
415,503,35,0.120289138298388,1
415,504,35,0.162099550785894,1
416,472,35,0.0904302361952073,1
416,473,35,0.0807505674329007,1
416,474,35,0.0594510220140304,1
416,501,35,0.0505723490654454,1
416,502,35,0.0649484821037655,1
416,503,35,0.108494538813007,1
417,472,35,0.132785117839833,1
417,473,35,0.119922043020061,1
417,474,35,0.0704512382819984,1
417,502,35,0.0614778188512184,1
418,471,35,0.127583577446343,1
418,472,35,0.166811963441913,1
418,473,35,0.153736455960012,1
418,474,35,0.0834686571110562,1
418,502,35,0.0610133019949169,1
419,470,35,0.118244367222144,1
419,471,35,0.11817858992323,1
419,472,35,0.136057162745084,1
419,473,35,0.122351775407567,1
419,474,35,0.0731911194707153,1
419,502,35,0.0624302431203991,1
419,503,35,0.114579197454915,1
420,469,35,0.138372749697408,1
420,470,35,0.134945537214057,1
420,471,35,0.108812893245091,1
420,472,35,0.0942594103737834,1
420,473,35,0.0805952014769126,1
420,474,35,0.0594864174386332,1
420,502,35,0.0679328189550963,1
421,469,35,0.130550625364053,1
421,470,35,0.12268685369686,1
421,471,35,0.0949195638975903,1
421,472,35,0.0750188651361223,1
421,473,35,0.063637709217738,1
421,474,35,0.0536167763828646,1
421,501,35,0.047694027161564,1
421,502,35,0.0799849670437818,1
422,469,35,0.104647041731206,1
422,470,35,0.0940011824764947,1
422,471,35,0.0845123352092908,1
422,472,35,0.0747183587026192,1
422,473,35,0.0642468676011059,1
422,474,35,0.053934150948405,1
422,501,35,0.05040575071291,1
423,470,35,0.0803094050644697,1
423,471,35,0.0837169240337241,1
423,472,35,0.0819270625337122,1
423,473,35,0.0705667483166013,1
423,474,35,0.0570800094817417,1
423,475,35,0.0472630061112894,1
423,501,35,0.0508880704819087,1
424,470,35,0.0754318698671825,1
424,471,35,0.0813072278130321,1
424,472,35,0.0842189282996423,1
424,473,35,0.0772627835673663,1
424,474,35,0.065777701680821,1
424,475,35,0.0571190057656069,1
424,476,35,0.0515705385125304,1
424,501,35,0.048905638154498,1
424,502,35,0.0652480988424927,1
425,471,35,0.0902083535318093,1
425,472,35,0.0875196658614208,1
425,473,35,0.0860119217657238,1
425,474,35,0.0796338201454598,1
425,475,35,0.0729762040792457,1
425,476,35,0.0681868388365524,1
425,477,35,0.0572228896536096,1
425,501,35,0.0484596696308411,1
425,502,35,0.0585138427850659,1
425,503,35,0.072316501414278,1
426,471,35,0.118213251950788,1
426,472,35,0.0949749233515928,1
426,473,35,0.0913590414726651,1
426,474,35,0.089535960693381,1
426,475,35,0.0831007262410136,1
426,476,35,0.078277408322003,1
426,477,35,0.0685728521517725,1
426,478,35,0.0615329498700757,1
426,479,35,0.059585828806951,1
426,480,35,0.05176761191687,1
426,501,35,0.0511957125079736,1
426,502,35,0.0582772440891565,1
426,503,35,0.0664666380329224,1
426,504,35,0.0801213308025605,1
426,505,35,0.0944726305360175,1
427,472,35,0.102922693026255,1
427,473,35,0.0873496019072748,1
427,474,35,0.0851119233623653,1
427,475,35,0.0801439759391907,1
427,476,35,0.0743572327953229,1
427,477,35,0.074628812125703,1
427,478,35,0.0931980886663081,1
427,479,35,0.115912224733245,1
427,480,35,0.0873943631728305,1
427,481,35,0.0523523938656651,1
427,500,35,0.0481591782259659,1
427,501,35,0.0552233066559557,1
427,502,35,0.0624889389298116,1
427,503,35,0.0698187374336624,1
427,504,35,0.0805995778133784,1
427,505,35,0.0933411551931628,1
428,473,35,0.0910674379983733,1
428,474,35,0.0826416196907825,1
428,475,35,0.0789502219620146,1
428,476,35,0.074914295942684,1
428,477,35,0.088684306380487,1
428,478,35,0.145105106136259,1
428,479,35,0.19507261304029,1
428,480,35,0.134847334147428,1
428,481,35,0.0685328339212052,1
428,500,35,0.0495652686820514,1
428,501,35,0.056825526718544,1
428,502,35,0.0666424789916613,1
428,503,35,0.07441832717376,1
428,504,35,0.0832027405676964,1
429,474,35,0.0882808117652083,1
429,475,35,0.0833350526083735,1
429,476,35,0.0843213754508108,1
429,477,35,0.109148368290162,1
429,479,35,0.188361585230259,1
429,480,35,0.132263371968209,1
429,481,35,0.0806008702753841,1
429,482,35,0.0540894267326253,1
429,498,35,0.0489088182121771,1
429,499,35,0.0488592507913955,1
429,500,35,0.051351216727339,1
429,501,35,0.0589723061100198,1
429,502,35,0.0701228327035256,1
429,503,35,0.0774107133582332,1
429,504,35,0.0866400282432404,1
430,476,35,0.0992047727748397,1
430,477,35,0.126023016740497,1
430,479,35,0.146223296171985,1
430,480,35,0.116386792735936,1
430,481,35,0.0960418597544789,1
430,482,35,0.0751537440664572,1
430,483,35,0.0569024853166698,1
430,490,35,0.0485671994639902,1
430,491,35,0.0473405057400221,1
430,496,35,0.0472708119806587,1
430,497,35,0.0520107210144175,1
430,498,35,0.0550187249490806,1
430,499,35,0.0555581565101035,1
430,500,35,0.0600158639792306,1
430,501,35,0.0665319284042896,1
430,502,35,0.0733342641464355,1
430,503,35,0.0795300865437368,1
431,478,35,0.123423965818792,1
431,479,35,0.113985662833188,1
431,480,35,0.110807637024537,1
431,481,35,0.114189751601066,1
431,482,35,0.0993318488415308,1
431,483,35,0.0746972585089447,1
431,484,35,0.0567231096246315,1
431,485,35,0.0507833029105812,1
431,486,35,0.0487136865065716,1
431,488,35,0.0472403880261895,1
431,489,35,0.0537374863227463,1
431,490,35,0.0627419068073096,1
431,491,35,0.0637127982545439,1
431,492,35,0.0558821196261474,1
431,493,35,0.0501365158484937,1
431,494,35,0.0480819100381039,1
431,495,35,0.0493762265765007,1
431,496,35,0.0542087600501846,1
431,497,35,0.0608559342256828,1
431,498,35,0.0637377397655284,1
431,499,35,0.0653396893128132,1
431,500,35,0.0715528968269541,1
431,501,35,0.0749279840170421,1
431,502,35,0.076713144562224,1
432,479,35,0.100821835110414,1
432,480,35,0.110696569452364,1
432,481,35,0.125543399118808,1
432,482,35,0.117352099545015,1
432,483,35,0.0928865752656773,1
432,484,35,0.074945092607127,1
432,485,35,0.0680250646735965,1
432,486,35,0.0642566061520326,1
432,487,35,0.05950914673558,1
432,488,35,0.0572024567310171,1
432,489,35,0.0652029107639025,1
432,490,35,0.0822301839484827,1
432,491,35,0.0899562873719898,1
432,492,35,0.0785403191397681,1
432,493,35,0.0669470852348756,1
432,494,35,0.0611898883736033,1
432,495,35,0.061228265477996,1
432,496,35,0.0698209556591513,1
432,497,35,0.0794463710744743,1
432,498,35,0.0784849837315703,1
432,499,35,0.0752754639301387,1
432,500,35,0.075969702382189,1
432,501,35,0.0755834185516654,1
433,481,35,0.120882155935313,1
433,482,35,0.118032066811942,1
433,483,35,0.0998518634152122,1
433,484,35,0.0860546511607776,1
433,485,35,0.080166879568222,1
433,486,35,0.0768143954346058,1
433,487,35,0.0739394850292743,1
433,488,35,0.0735835169470985,1
433,489,35,0.079291251587985,1
433,490,35,0.0918388574722434,1
433,491,35,0.0994291020988717,1
433,492,35,0.0945477195728234,1
433,493,35,0.0877292010040759,1
433,494,35,0.0803316233880654,1
433,495,35,0.0766371117275814,1
433,496,35,0.0888739676655102,1
433,497,35,0.102853994162063,1
433,498,35,0.0948706727650675,1
433,499,35,0.0817049634580714,1
433,500,35,0.0763462656961395,1
434,483,35,0.0976199618748956,1
434,484,35,0.0879442907276299,1
434,485,35,0.0839053289254488,1
434,486,35,0.0842572092208159,1
434,487,35,0.0875997864828721,1
434,488,35,0.093055328723464,1
434,489,35,0.0962242411721118,1
434,490,35,0.09648833023431,1
434,491,35,0.0971893736491067,1
434,492,35,0.102456072162037,1
434,493,35,0.10939380381932,1
434,497,35,0.116191228205844,1
434,498,35,0.105863975864168,1
435,486,35,0.0908219784234108,1
435,487,35,0.093827601823403,1
435,488,35,0.0990557128311492,1
435,489,35,0.0986597926443691,1
435,490,35,0.0916869841693963,1
435,491,35,0.0883041301843717,1
435,492,35,0.101698857747327,1
406,480,36,0.0606816201755459,1
406,481,36,0.0601457233478224,1
406,482,36,0.0576842745438415,1
406,483,36,0.0567071432102727,1
406,488,36,0.12799626357049,1
407,478,36,0.0615413839360943,1
407,479,36,0.0589775000038473,1
407,480,36,0.0567494097235848,1
407,481,36,0.0540334781564062,1
407,482,36,0.0509607068466293,1
407,483,36,0.0501455330252777,1
407,484,36,0.0515824592202388,1
407,485,36,0.0530579458688538,1
407,486,36,0.0546886541986284,1
407,487,36,0.059452308464585,1
407,488,36,0.0760975479146324,1
407,489,36,0.108170112815221,1
407,490,36,0.139787352368377,1
407,491,36,0.120836516997883,1
407,492,36,0.096405931272858,1
408,476,36,0.0673686021808198,1
408,477,36,0.0682337101214756,1
408,478,36,0.0654376639442968,1
408,479,36,0.0590614559311574,1
408,480,36,0.0542067882941945,1
408,481,36,0.0512296952415468,1
408,482,36,0.0503949661694764,1
408,483,36,0.050249657371328,1
408,488,36,0.0513986470772228,1
408,489,36,0.0621136680778669,1
408,490,36,0.0770280724671304,1
408,491,36,0.078699045496971,1
408,492,36,0.0757221387993103,1
408,493,36,0.0735486625531028,1
409,475,36,0.069565216502655,1
409,476,36,0.0677675461275482,1
409,477,36,0.0708641889099979,1
409,478,36,0.0688019485565977,1
409,479,36,0.0592167918298896,1
409,480,36,0.0514387194108509,1
409,481,36,0.0490086714221574,1
409,482,36,0.0499342184930706,1
409,483,36,0.0523412967267696,1
409,490,36,0.0489620586296354,1
409,491,36,0.0515710374629791,1
409,492,36,0.0543425509078542,1
409,493,36,0.0545536189705626,1
409,494,36,0.0530865483536126,1
409,495,36,0.0558824923361211,1
409,496,36,0.0646067130692989,1
409,497,36,0.0708323642874016,1
410,474,36,0.0700585823132141,1
410,475,36,0.0716683587699474,1
410,476,36,0.0769892865840568,1
410,477,36,0.0862911416505656,1
410,478,36,0.0762440830488234,1
410,479,36,0.0589279115429866,1
410,480,36,0.0489678025712468,1
410,483,36,0.0476802038295541,1
410,496,36,0.0475477475140485,1
410,497,36,0.0516925349029665,1
410,498,36,0.0541278819858834,1
410,499,36,0.0547572989597592,1
411,473,36,0.0698635167335717,1
411,474,36,0.0634851506094554,1
411,475,36,0.0662675027008248,1
411,476,36,0.078614043577154,1
411,477,36,0.092163000931823,1
411,478,36,0.0733517153892381,1
411,479,36,0.0529421773418498,1
411,482,36,0.0481321447299675,1
411,483,36,0.0500926052032813,1
411,484,36,0.0486728356900146,1
411,498,36,0.0478782510889864,1
411,499,36,0.0528118250342605,1
411,500,36,0.0599353886821591,1
411,501,36,0.070608810440573,1
412,472,36,0.0770511684625997,1
412,473,36,0.0659258298495771,1
412,474,36,0.0610741438924041,1
412,475,36,0.0621171907882638,1
412,476,36,0.065000571328321,1
412,477,36,0.0684733806689427,1
412,478,36,0.0569374298824333,1
412,481,36,0.0476602728631359,1
412,482,36,0.0564148363961918,1
412,483,36,0.0588280613387319,1
412,484,36,0.0530721749738189,1
412,498,36,0.0472071687469173,1
412,499,36,0.0549103805642954,1
412,500,36,0.06254594552144,1
412,501,36,0.0821107243904485,1
412,502,36,0.124252451998803,1
412,503,36,0.168644133535395,1
413,471,36,0.0700144282042285,1
413,472,36,0.0673732069524309,1
413,473,36,0.0612131166209989,1
413,474,36,0.0579853220079517,1
413,475,36,0.055702804048621,1
413,476,36,0.0492823848177097,1
413,482,36,0.0591519162486544,1
413,483,36,0.0598055353250185,1
413,484,36,0.0516275511156099,1
413,499,36,0.0548238637587786,1
413,500,36,0.060178828409522,1
413,501,36,0.0819545348656474,1
413,502,36,0.14714071576089,1
413,503,36,0.228466116190868,1
413,504,36,0.182852174375559,1
414,470,36,0.0866875066847337,1
414,471,36,0.0723013766030857,1
414,472,36,0.0668822156650916,1
414,473,36,0.0635672610212503,1
414,474,36,0.0601594655252412,1
414,475,36,0.0539700813921636,1
414,482,36,0.0522328922274725,1
414,483,36,0.0500632813443798,1
414,499,36,0.0502815090454546,1
414,500,36,0.056841974048998,1
414,501,36,0.0731746901746149,1
414,502,36,0.120740405916268,1
414,503,36,0.196590949312983,1
414,504,36,0.189921136012305,1
415,471,36,0.0872756430232925,1
415,472,36,0.072299194446304,1
415,473,36,0.0688775004751451,1
415,474,36,0.0628489346842844,1
415,475,36,0.0520453830419751,1
415,500,36,0.052215951958021,1
415,501,36,0.0654191186173778,1
415,502,36,0.0934806869867183,1
415,503,36,0.145759729124971,1
415,504,36,0.174976427897596,1
416,472,36,0.0959136114548058,1
416,473,36,0.0872497757488248,1
416,474,36,0.0678914842167185,1
416,475,36,0.0487379938094557,1
416,501,36,0.0547222822565814,1
416,502,36,0.0731482999038937,1
416,503,36,0.118063049831372,1
417,472,36,0.147875230935909,1
417,473,36,0.144998619289891,1
417,474,36,0.0873301548626773,1
417,475,36,0.0497817620794581,1
417,502,36,0.0636484035894038,1
418,471,36,0.134973141797918,1
418,472,36,0.19554890031802,1
418,473,36,0.209635702210598,1
418,474,36,0.114119658080198,1
418,475,36,0.0539579923638219,1
418,502,36,0.0629617996803639,1
419,470,36,0.117072110194421,1
419,471,36,0.119214362963151,1
419,472,36,0.160842351952866,1
419,473,36,0.172598357921611,1
419,474,36,0.104083408067695,1
419,475,36,0.0573518713503278,1
419,502,36,0.0653561667005232,1
420,469,36,0.156922609250671,1
420,470,36,0.14984229799408,1
420,471,36,0.111519813646937,1
420,472,36,0.106109579713959,1
420,473,36,0.108306452528195,1
420,474,36,0.0858582330046176,1
420,475,36,0.0609646873891488,1
420,502,36,0.0724436556298347,1
421,469,36,0.157954643167952,1
421,470,36,0.147101460984624,1
421,471,36,0.1013590544574,1
421,472,36,0.0811252010710194,1
421,473,36,0.0781381410322999,1
421,474,36,0.0734289745599233,1
421,475,36,0.0599407569080712,1
421,501,36,0.0509659608549688,1
422,469,36,0.112237689125064,1
422,470,36,0.105381869501686,1
422,471,36,0.093531513806524,1
422,472,36,0.085925687498413,1
422,473,36,0.0746187489564121,1
422,474,36,0.0655017880941334,1
422,475,36,0.0549960257093897,1
422,501,36,0.0534690209240822,1
423,469,36,0.0837866328217156,1
423,470,36,0.0815218726891982,1
423,471,36,0.0946559076598777,1
423,472,36,0.101410139769607,1
423,473,36,0.0842282099802786,1
423,474,36,0.0666839760392212,1
423,475,36,0.0547877950516427,1
423,501,36,0.0532976705193817,1
424,470,36,0.0723526422588283,1
424,471,36,0.085294521192241,1
424,472,36,0.0971524933960602,1
424,473,36,0.0900908176381557,1
424,474,36,0.0768034906621484,1
424,475,36,0.063517654526036,1
424,476,36,0.0539570185087292,1
424,477,36,0.0478344035640115,1
424,501,36,0.0509116594163756,1
424,502,36,0.0674844488566893,1
425,471,36,0.0901267120132071,1
425,472,36,0.0931719989681464,1
425,473,36,0.0977981593225008,1
425,474,36,0.0938594925719624,1
425,475,36,0.078391716066368,1
425,476,36,0.0650937367988532,1
425,477,36,0.0552552695419293,1
425,478,36,0.0493025261849196,1
425,501,36,0.0504228833487996,1
425,502,36,0.061506192900832,1
425,503,36,0.0757747029285097,1
426,471,36,0.122073397125892,1
426,472,36,0.0960517005000758,1
426,473,36,0.0992327801259308,1
426,474,36,0.102543081906551,1
426,475,36,0.0885826226836195,1
426,476,36,0.0750420152346524,1
426,477,36,0.0653624005754065,1
426,478,36,0.061635042345624,1
426,479,36,0.0584338844727967,1
426,480,36,0.050275707995057,1
426,501,36,0.0530681593244245,1
426,502,36,0.0612507723512488,1
426,503,36,0.0699989427059648,1
426,504,36,0.0834804575897409,1
426,505,36,0.0975029489774954,1
427,472,36,0.100659724306192,1
427,473,36,0.0877197149340991,1
427,474,36,0.091931211396865,1
427,475,36,0.0867194936165121,1
427,476,36,0.077622586955401,1
427,477,36,0.0766403879684796,1
427,478,36,0.0899892241130561,1
427,479,36,0.0990588748544748,1
427,480,36,0.0762167369573631,1
427,481,36,0.0513574566136736,1
427,500,36,0.0514952691321888,1
427,501,36,0.0577491801823326,1
427,502,36,0.0666612888224327,1
427,503,36,0.0746336633668128,1
427,504,36,0.0851119293738165,1
428,473,36,0.084542566797322,1
428,474,36,0.0842805216285281,1
428,475,36,0.0853951769309551,1
428,476,36,0.0831083066809633,1
428,477,36,0.0995409211024444,1
428,479,36,0.16102742048918,1
428,480,36,0.112869624896988,1
428,481,36,0.0663284167357262,1
428,499,36,0.0504371815854534,1
428,500,36,0.055150952829441,1
428,501,36,0.0608839355653226,1
428,502,36,0.0719208156740943,1
428,503,36,0.0803145749124925,1
428,504,36,0.0875808444001745,1
429,474,36,0.0862490975609475,1
429,475,36,0.0870402225718162,1
429,476,36,0.0956947946315144,1
429,480,36,0.125115576160566,1
429,481,36,0.0856621514897242,1
429,482,36,0.0610818926529871,1
429,483,36,0.0473586122310044,1
429,497,36,0.0502862971663269,1
429,498,36,0.0540787924754714,1
429,499,36,0.0568228335884112,1
429,500,36,0.0597980931484461,1
429,501,36,0.0642447034786777,1
429,502,36,0.074453446071608,1
429,503,36,0.0811802238837553,1
430,475,36,0.0962100120671467,1
430,476,36,0.113727410890095,1
430,480,36,0.127827005150804,1
430,481,36,0.113719163179063,1
430,482,36,0.0888398406571084,1
430,483,36,0.0634858419263421,1
430,484,36,0.04857897589687,1
430,496,36,0.0504931662303796,1
430,497,36,0.0568113156479325,1
430,498,36,0.0631809170762148,1
430,499,36,0.0667898857862747,1
430,500,36,0.0690699330391666,1
430,501,36,0.0710529965689522,1
430,502,36,0.0754174844644865,1
431,477,36,0.140777306127333,1
431,479,36,0.130465659512944,1
431,480,36,0.13032234651659,1
431,481,36,0.143005438487754,1
431,482,36,0.122132309347547,1
431,483,36,0.0853222820738333,1
431,484,36,0.0616136475908412,1
431,485,36,0.0550498943234973,1
431,486,36,0.0524262866236843,1
431,487,36,0.0492884353433318,1
431,488,36,0.0472398710413873,1
431,489,36,0.0491431626138905,1
431,490,36,0.0529792800185903,1
431,491,36,0.053829209044993,1
431,492,36,0.0510984772849863,1
431,493,36,0.0504411792004943,1
431,494,36,0.0494141227647982,1
431,495,36,0.0510509327175299,1
431,496,36,0.0589665411283292,1
431,497,36,0.0687580950201716,1
431,498,36,0.076015996567798,1
431,499,36,0.0777416197004008,1
431,500,36,0.0795811718559437,1
431,501,36,0.0790057677710039,1
432,479,36,0.110775283394237,1
432,480,36,0.126445573667497,1
432,481,36,0.15391729243469,1
432,482,36,0.142509157123368,1
432,483,36,0.10424235083714,1
432,484,36,0.0797759007943195,1
432,485,36,0.0729801656255795,1
432,486,36,0.0687868177339541,1
432,487,36,0.0620992706522684,1
432,488,36,0.0566433136215444,1
432,489,36,0.0591827189245485,1
432,490,36,0.0674969526751631,1
432,491,36,0.071704890358825,1
432,492,36,0.0677966595856581,1
432,493,36,0.0663082663513396,1
432,494,36,0.062846001096104,1
432,495,36,0.0631441810979969,1
432,496,36,0.0747480492600433,1
432,497,36,0.0898712493834656,1
432,498,36,0.0935487786943397,1
432,499,36,0.0859599948503505,1
432,500,36,0.0818026795971539,1
433,481,36,0.144521658729627,1
433,482,36,0.140440797112657,1
433,483,36,0.109394945995046,1
433,484,36,0.0894828134534162,1
433,485,36,0.0844786049566675,1
433,486,36,0.0818029621353598,1
433,487,36,0.0776682499386351,1
433,488,36,0.07429398631736,1
433,489,36,0.0774975127019559,1
433,490,36,0.0839334204368565,1
433,491,36,0.0866600163184449,1
433,492,36,0.0847917654949242,1
433,493,36,0.0850903662984004,1
433,494,36,0.0787849491344664,1
433,495,36,0.0755123992673147,1
433,496,36,0.0905601977584693,1
433,497,36,0.111881137932122,1
433,498,36,0.110562465999232,1
433,499,36,0.0903209540240366,1
434,483,36,0.101592899908664,1
434,484,36,0.0894755516203795,1
434,485,36,0.0864212174314002,1
434,486,36,0.0875459779832764,1
434,487,36,0.0901040007506138,1
434,488,36,0.0942503691511946,1
434,489,36,0.099007507004062,1
434,490,36,0.0970288378450958,1
434,491,36,0.0942430351807437,1
434,492,36,0.0982126308476512,1
434,493,36,0.106931104633492,1
434,496,36,0.102795262283944,1
434,497,36,0.118996243468198,1
434,498,36,0.116232466761003,1
435,486,36,0.0935399057923843,1
435,487,36,0.0960542553668313,1
435,488,36,0.102241980339381,1
435,489,36,0.102095553411311,1
435,490,36,0.0921115849898007,1
435,491,36,0.0875781091898834,1
435,492,36,0.101190902144732,1
406,481,37,0.0599692752325133,1
406,482,37,0.0580462240199507,1
407,479,37,0.0592675705580858,1
407,480,37,0.0568394191822426,1
407,481,37,0.0547097243350469,1
407,482,37,0.0526415687136764,1
407,483,37,0.0516896674407492,1
407,484,37,0.0531633867227146,1
407,485,37,0.0552200845181182,1
407,486,37,0.0567745736582633,1
407,487,37,0.0609938068587099,1
407,488,37,0.0768572811273904,1
407,490,37,0.139589707876175,1
407,491,37,0.122372250410318,1
408,477,37,0.0691720134918125,1
408,478,37,0.0651633974952351,1
408,479,37,0.0593553317339988,1
408,480,37,0.0548504223501331,1
408,481,37,0.0519611325535567,1
408,482,37,0.0505094452402003,1
408,483,37,0.049936914628929,1
408,484,37,0.0476913550715103,1
408,486,37,0.0475080178331383,1
408,487,37,0.0494342911835384,1
408,488,37,0.0545669884380076,1
408,489,37,0.0656313829588728,1
408,490,37,0.0809378121145457,1
408,491,37,0.0820727320189319,1
408,492,37,0.0783562965959605,1
409,476,37,0.0760714942851779,1
409,477,37,0.0770284030969458,1
409,478,37,0.0730478305201665,1
409,479,37,0.0597214351228798,1
409,480,37,0.0528084706444968,1
409,481,37,0.0510792706984364,1
409,482,37,0.051101801617494,1
409,483,37,0.0523137402345178,1
409,484,37,0.0489671022371832,1
409,489,37,0.0484049233448599,1
409,490,37,0.0517118076154795,1
409,491,37,0.0537482287860216,1
409,492,37,0.0549936992777794,1
409,493,37,0.0543562750509194,1
409,494,37,0.0533855519243184,1
409,495,37,0.0562462212017824,1
409,496,37,0.0627515010834078,1
410,475,37,0.0744971072415961,1
410,476,37,0.0785976443383095,1
410,477,37,0.0881280247217804,1
410,478,37,0.0815807849108535,1
410,479,37,0.0596347139280226,1
410,480,37,0.0503756273310003,1
410,481,37,0.0516243890922843,1
410,482,37,0.0538318661064187,1
410,483,37,0.0550151361127206,1
410,484,37,0.0534387051757344,1
410,485,37,0.0493262834400198,1
410,496,37,0.0477325395236084,1
410,497,37,0.0517304250798128,1
410,498,37,0.05506436388651,1
410,499,37,0.05636423200008,1
411,474,37,0.0642314782860612,1
411,475,37,0.0664677441399412,1
411,476,37,0.0722217429091807,1
411,477,37,0.0808512111487123,1
411,478,37,0.071017204388571,1
411,479,37,0.0518274679363621,1
411,480,37,0.0476559325953772,1
411,481,37,0.0546975812036445,1
411,482,37,0.061750017361071,1
411,483,37,0.0616660253650538,1
411,484,37,0.0583086599330719,1
411,485,37,0.0524587845288138,1
411,498,37,0.0483302160352046,1
411,499,37,0.0531247210686648,1
411,500,37,0.0598846219768652,1
411,501,37,0.0747895943992127,1
412,473,37,0.0629505522551887,1
412,474,37,0.0604717904717825,1
412,475,37,0.0618672707165188,1
412,476,37,0.0617911236643036,1
412,477,37,0.0608440555981327,1
412,478,37,0.0539633124981244,1
412,481,37,0.0535598058599434,1
412,482,37,0.0657038990945697,1
412,483,37,0.065698164170135,1
412,484,37,0.0575414785322902,1
412,485,37,0.0486674374068466,1
412,498,37,0.0474750420176392,1
412,499,37,0.0553682307212279,1
412,500,37,0.0616629174447889,1
412,501,37,0.0767342627902521,1
412,502,37,0.11656812214961,1
412,503,37,0.155772714821372,1
413,472,37,0.0623638346191106,1
413,473,37,0.0588790805249757,1
413,474,37,0.0569898497368042,1
413,475,37,0.0551525699098109,1
413,476,37,0.0505816908605936,1
413,481,37,0.0506551027025176,1
413,482,37,0.0637549866189906,1
413,483,37,0.0631165163996236,1
413,484,37,0.0522819576920798,1
413,498,37,0.048231195411214,1
413,499,37,0.0586917336486604,1
413,500,37,0.0652504072397494,1
413,501,37,0.0789567503980062,1
413,502,37,0.132719556953162,1
413,503,37,0.215358363284788,1
413,504,37,0.191675229377741,1
414,471,37,0.0740217517388002,1
414,472,37,0.0655095909577771,1
414,473,37,0.0642454188413693,1
414,474,37,0.0612257707257524,1
414,475,37,0.0542633259926301,1
414,476,37,0.0473805209648639,1
414,482,37,0.0555731250235649,1
414,483,37,0.0525774746210958,1
414,499,37,0.0561072725189923,1
414,500,37,0.0669634423935617,1
414,501,37,0.0831103806316237,1
414,502,37,0.13812923783263,1
414,503,37,0.230952235990529,1
414,504,37,0.222049445099773,1
414,505,37,0.132363294309878,1
415,471,37,0.0953002390441543,1
415,472,37,0.0750866622826355,1
415,473,37,0.0713024176902485,1
415,474,37,0.0673432819484104,1
415,475,37,0.0551590322198394,1
415,500,37,0.0597983155721401,1
415,501,37,0.0773577164045482,1
415,502,37,0.114975724798265,1
415,503,37,0.172781755274495,1
415,504,37,0.180050838121334,1
416,472,37,0.100490441840701,1
416,473,37,0.0904499477436571,1
416,474,37,0.0784934478548449,1
416,475,37,0.0561158268140347,1
416,500,37,0.0477352326537412,1
416,501,37,0.0616672276552917,1
416,502,37,0.0854100192039415,1
416,503,37,0.12658226204464,1
417,473,37,0.154088294175221,1
417,474,37,0.10622932782165,1
417,475,37,0.060277830999159,1
417,501,37,0.0509048183849222,1
417,502,37,0.0711785637613948,1
418,472,37,0.203138237215519,1
418,473,37,0.238263675522448,1
418,474,37,0.144085576037451,1
418,475,37,0.0673742108647795,1
418,501,37,0.0487112398459376,1
418,502,37,0.0690087424775104,1
419,469,37,0.117830526899369,1
419,470,37,0.110389432388199,1
419,471,37,0.119592916067445,1
419,472,37,0.179353666081103,1
419,473,37,0.229334963254163,1
419,474,37,0.158735482585836,1
419,475,37,0.0805503259937843,1
419,476,37,0.0479354470413272,1
419,501,37,0.0500820611178952,1
419,502,37,0.0720754843017445,1
420,468,37,0.124498224169227,1
420,469,37,0.161427266153587,1
420,470,37,0.149335448498503,1
420,471,37,0.107747014857614,1
420,472,37,0.121714970360179,1
420,473,37,0.16702965011238,1
420,474,37,0.152574226032873,1
420,475,37,0.0921055855615138,1
420,476,37,0.053645300718758,1
420,501,37,0.0524276211658483,1
420,502,37,0.0787848830085034,1
421,469,37,0.177411450362149,1
421,470,37,0.161866787395843,1
421,471,37,0.101637564991001,1
421,472,37,0.0853829135705289,1
421,473,37,0.102958773756293,1
421,474,37,0.107762524401683,1
421,475,37,0.07971120555662,1
421,476,37,0.0538172823258333,1
421,501,37,0.0557251125439846,1
421,502,37,0.0880875255751179,1
422,469,37,0.120447059121132,1
422,470,37,0.114704199570946,1
422,471,37,0.0985655932042324,1
422,472,37,0.0950786629647669,1
422,473,37,0.0857090588433545,1
422,474,37,0.0767385429434989,1
422,475,37,0.0653039692698463,1
422,476,37,0.0527012383781816,1
422,501,37,0.0572856672383797,1
422,502,37,0.0841069710326923,1
423,469,37,0.084803157194928,1
423,470,37,0.0849693016828985,1
423,471,37,0.103358751672626,1
423,472,37,0.122155874236209,1
423,473,37,0.103585527657292,1
423,474,37,0.0776505582377849,1
423,475,37,0.0626201328405675,1
423,476,37,0.0541348372349094,1
423,477,37,0.0480579483936633,1
423,501,37,0.0563073276031219,1
423,502,37,0.0770596145515207,1
424,470,37,0.0756004489928847,1
424,471,37,0.0915110470274384,1
424,472,37,0.112847310390173,1
424,473,37,0.110182133505386,1
424,474,37,0.092760256641836,1
424,475,37,0.0722649291745248,1
424,476,37,0.0594795463499238,1
424,477,37,0.054232811866393,1
424,478,37,0.0488387757886447,1
424,501,37,0.0537029204784076,1
424,502,37,0.0700958713449415,1
424,503,37,0.0896443531697757,1
425,470,37,0.0949556686734333,1
425,471,37,0.0905645079689721,1
425,472,37,0.097785781744502,1
425,473,37,0.11170254974019,1
425,474,37,0.115890956218938,1
425,475,37,0.0911524639639952,1
425,476,37,0.0681731928423526,1
425,477,37,0.0593698674229746,1
425,478,37,0.0545401893886056,1
425,479,37,0.0481024752126226,1
425,501,37,0.0529806265836567,1
425,502,37,0.0658610684859145,1
425,503,37,0.079556795421371,1
425,504,37,0.0935746700146122,1
425,505,37,0.107454545734351,1
426,471,37,0.117050757519796,1
426,472,37,0.0944272140222822,1
426,473,37,0.10820887465249,1
426,474,37,0.127471620179393,1
426,475,37,0.108550974316772,1
426,476,37,0.0801222445431412,1
426,477,37,0.0680908900641196,1
426,478,37,0.0653058508540685,1
426,479,37,0.0612685422009644,1
426,480,37,0.052332417813363,1
426,500,37,0.0480318136096177,1
426,501,37,0.0553688138319933,1
426,502,37,0.0664921085516115,1
426,503,37,0.0756797941371326,1
426,504,37,0.0866534277679414,1
426,505,37,0.101782248598226,1
427,472,37,0.0964234967332332,1
427,473,37,0.0907896187816587,1
427,474,37,0.108519618587369,1
427,475,37,0.106341657798574,1
427,476,37,0.0881636545929795,1
427,477,37,0.082547714811754,1
427,478,37,0.0895459998168671,1
427,479,37,0.090148491500866,1
427,480,37,0.0722740545574302,1
427,481,37,0.0541716152932857,1
427,499,37,0.0488693860981007,1
427,500,37,0.0547251797760547,1
427,501,37,0.0619803040332317,1
427,502,37,0.0733358151008423,1
427,503,37,0.0810489638470364,1
427,504,37,0.0902481192814267,1
428,473,37,0.0847377706403417,1
428,474,37,0.0944505624987015,1
428,475,37,0.102016923629755,1
428,476,37,0.0980200960889595,1
428,477,37,0.112934777004978,1
428,479,37,0.134887502664275,1
428,480,37,0.10110461377436,1
428,481,37,0.0703713581185947,1
428,482,37,0.0516517712524517,1
428,497,37,0.0473870103264228,1
428,498,37,0.0503555791412839,1
428,499,37,0.0583066521083746,1
428,500,37,0.0662098408610168,1
428,501,37,0.070456083511657,1
428,502,37,0.0784771087305123,1
428,503,37,0.0849919648538823,1
428,504,37,0.0920498774433423,1
429,474,37,0.0902999319792275,1
429,475,37,0.09674914305561,1
429,476,37,0.111726823980092,1
429,480,37,0.124545642496208,1
429,481,37,0.0971224902431743,1
429,482,37,0.0711340249195331,1
429,483,37,0.0533734208158184,1
429,496,37,0.0486447772415884,1
429,497,37,0.0545409227856507,1
429,498,37,0.0607975690460856,1
429,499,37,0.0730503433067637,1
429,500,37,0.0807305613233426,1
429,501,37,0.0785745964344496,1
429,502,37,0.0794592716487266,1
429,503,37,0.0843749134351029,1
430,475,37,0.101949751674165,1
430,481,37,0.138953455882296,1
430,482,37,0.108040650202408,1
430,483,37,0.073199048574834,1
430,484,37,0.0544559389001872,1
430,485,37,0.0486564544855237,1
430,496,37,0.0546859490455932,1
430,497,37,0.0642614032900817,1
430,498,37,0.0763321868774541,1
430,499,37,0.0878060574075314,1
430,500,37,0.086966456054272,1
430,501,37,0.0795959419915159,1
430,502,37,0.077303511149174,1
431,476,37,0.124808871920887,1
431,482,37,0.149509672376872,1
431,483,37,0.0992620378588692,1
431,484,37,0.070052450633001,1
431,485,37,0.0617726805320548,1
431,486,37,0.0564728769574247,1
431,487,37,0.0514093775175958,1
431,488,37,0.0487919345609775,1
431,489,37,0.0486669985709097,1
431,490,37,0.0495568797019167,1
431,491,37,0.0497982274442657,1
431,492,37,0.0504201391213317,1
431,493,37,0.0516411610411025,1
431,494,37,0.0506375432535936,1
431,495,37,0.0524627460751476,1
431,496,37,0.0631278780423714,1
431,497,37,0.0794775043801838,1
431,498,37,0.0971217808919339,1
431,499,37,0.099299405039462,1
431,500,37,0.089690467011849,1
431,501,37,0.0823267158316809,1
432,479,37,0.13002534475913,1
432,482,37,0.165151756921152,1
432,483,37,0.11636007784685,1
432,484,37,0.0877876503439897,1
432,485,37,0.0805308068117725,1
432,486,37,0.0750262772554388,1
432,487,37,0.0660559958021796,1
432,488,37,0.059210167210679,1
432,489,37,0.0582638385530043,1
432,490,37,0.061235821872141,1
432,491,37,0.0627216662511552,1
432,492,37,0.0639545247183178,1
432,493,37,0.0657739745810836,1
432,494,37,0.0629442282085375,1
432,495,37,0.0632235502880495,1
432,496,37,0.0767146173677654,1
432,497,37,0.100198561839654,1
432,498,37,0.118453926410604,1
432,499,37,0.106007373020838,1
432,500,37,0.0921570856638527,1
433,482,37,0.155499975280913,1
433,483,37,0.11486929806641,1
433,484,37,0.0923509910334156,1
433,485,37,0.0883835053858755,1
433,486,37,0.0874435548779127,1
433,487,37,0.0821110790660686,1
433,488,37,0.0767281972360021,1
433,489,37,0.0771808955792654,1
433,490,37,0.0801303299449909,1
433,491,37,0.0795566932267008,1
433,492,37,0.0803854378991123,1
433,493,37,0.0813835311629782,1
433,494,37,0.0755439233173515,1
433,495,37,0.073634782602841,1
433,496,37,0.088817952963328,1
433,497,37,0.114595067686055,1
433,498,37,0.127858613361157,1
433,499,37,0.105218610510287,1
434,483,37,0.106773809001672,1
434,484,37,0.0948663685660159,1
434,485,37,0.0925783441173958,1
434,486,37,0.0936831586742259,1
434,487,37,0.0946950722643761,1
434,488,37,0.0972289710780908,1
434,489,37,0.100933287415465,1
434,490,37,0.0982324145335152,1
434,491,37,0.0929558993207926,1
434,492,37,0.0969696250508809,1
434,493,37,0.103756216802362,1
434,494,37,0.100275857079046,1
434,495,37,0.0922398032322178,1
434,496,37,0.100499152433474,1
434,497,37,0.116680848882313,1
435,486,37,0.104653810625245,1
435,487,37,0.104071793943997,1
435,488,37,0.108756854497104,1
435,489,37,0.106037201841639,1
435,490,37,0.0942164645664868,1
435,491,37,0.0885276840312003,1
435,492,37,0.103098323584202,1
435,493,37,0.135541596645283,1
435,496,37,0.117260292662452,1
407,479,38,0.0591200796031557,1
407,480,38,0.0578055976517444,1
407,481,38,0.0567471193606817,1
407,482,38,0.0558532165688291,1
407,483,38,0.0549561277078462,1
407,484,38,0.0556536604351483,1
407,485,38,0.0577226877169413,1
407,486,38,0.0593723200950598,1
407,487,38,0.0645116900603492,1
407,489,38,0.106927726197924,1
407,490,38,0.128578616893005,1
408,477,38,0.07271657551383,1
408,478,38,0.0666982231785399,1
408,479,38,0.0600658311615162,1
408,480,38,0.0560773114462647,1
408,481,38,0.0536008280028593,1
408,482,38,0.0516469260227931,1
408,483,38,0.0508259601682206,1
408,484,38,0.0497140581104383,1
408,485,38,0.0495313520744412,1
408,486,38,0.0506059410546913,1
408,487,38,0.0536603774383408,1
408,488,38,0.0599058063308564,1
408,489,38,0.0707720934777775,1
408,490,38,0.0830218079098001,1
408,491,38,0.0846107967683208,1
409,476,38,0.0881807030685525,1
409,477,38,0.0852035919815513,1
409,478,38,0.0775501670029232,1
409,479,38,0.061874833122115,1
409,480,38,0.0557221248527435,1
409,481,38,0.0548850903891419,1
409,482,38,0.0546967215661244,1
409,483,38,0.0543083457505869,1
409,484,38,0.0516721560834347,1
409,485,38,0.0491999287474713,1
409,487,38,0.0472248514305907,1
409,488,38,0.0488221871890877,1
409,489,38,0.0522978159003172,1
409,490,38,0.0565355703818782,1
409,491,38,0.058522102519,1
409,492,38,0.0582483229974846,1
409,493,38,0.0570777972677041,1
409,494,38,0.0560667493265251,1
409,495,38,0.0575925698559483,1
409,496,38,0.0613631744655868,1
410,475,38,0.080738322106828,1
410,476,38,0.0836391418667855,1
410,477,38,0.0890441879173871,1
410,478,38,0.0828416567405585,1
410,479,38,0.0605462062260552,1
410,480,38,0.0534873498387585,1
410,481,38,0.060893758276566,1
410,482,38,0.0717080103019922,1
410,483,38,0.0699690958508098,1
410,484,38,0.0625068169856487,1
410,485,38,0.0568590585932781,1
410,486,38,0.0490373129813489,1
410,496,38,0.0488348863797252,1
410,497,38,0.0516785642904025,1
410,498,38,0.0547917686208788,1
411,474,38,0.0645457148740808,1
411,475,38,0.0695506567678745,1
411,476,38,0.0715666870959824,1
411,477,38,0.073652149685327,1
411,478,38,0.0687658497922058,1
411,479,38,0.052932565031398,1
411,480,38,0.0515266969990066,1
411,481,38,0.0686376075039839,1
411,482,38,0.090918540363865,1
411,483,38,0.0859780712840768,1
411,484,38,0.070579757096975,1
411,485,38,0.0619150256847668,1
411,486,38,0.0514761767632115,1
411,498,38,0.0488349284598835,1
411,499,38,0.053254718700634,1
411,500,38,0.0597953819839597,1
411,501,38,0.0769610868665277,1
412,473,38,0.05827751460446,1
412,474,38,0.0598210989721477,1
412,475,38,0.0630290377619165,1
412,476,38,0.0626101357972396,1
412,477,38,0.0586392476683264,1
412,478,38,0.0534453358063963,1
412,480,38,0.0494779583649776,1
412,481,38,0.0628621177967425,1
412,482,38,0.0809604632626271,1
412,483,38,0.0770542944172182,1
412,484,38,0.0623898161111509,1
412,485,38,0.0536940836451593,1
412,498,38,0.0497398893161989,1
412,499,38,0.0584766920167159,1
412,500,38,0.0645616512311837,1
412,501,38,0.0734659690305424,1
412,502,38,0.104219110566842,1
413,472,38,0.0579105395551565,1
413,473,38,0.0559850897735693,1
413,474,38,0.0569510518308283,1
413,475,38,0.0570788192144062,1
413,476,38,0.054731539891413,1
413,477,38,0.050052556915458,1
413,480,38,0.047723985228566,1
413,481,38,0.0561406541074467,1
413,482,38,0.0674361348234807,1
413,483,38,0.0647615379946799,1
413,484,38,0.052211695850579,1
413,498,38,0.0520867778948648,1
413,499,38,0.0680030807965971,1
413,500,38,0.0776726863896128,1
413,501,38,0.0829208455870754,1
413,502,38,0.12404742544454,1
413,503,38,0.192327303511149,1
413,504,38,0.175425928148827,1
414,471,38,0.0750400494901135,1
414,472,38,0.0636171801119265,1
414,473,38,0.062813899946753,1
414,474,38,0.0616992807130331,1
414,475,38,0.0559134332753926,1
414,476,38,0.0504242629768475,1
414,481,38,0.0487883667646966,1
414,482,38,0.0574614961742163,1
414,483,38,0.0545241808940884,1
414,498,38,0.0489280668788853,1
414,499,38,0.068035813148323,1
414,500,38,0.0846838779804294,1
414,501,38,0.0975300425880057,1
414,502,38,0.157735694092734,1
414,503,38,0.249751198058176,1
414,504,38,0.219411764592726,1
414,505,38,0.121455648378774,1
415,471,38,0.0988353270190974,1
415,472,38,0.0765006818428397,1
415,473,38,0.0700665595089423,1
415,474,38,0.0680301563727538,1
415,475,38,0.057364549500886,1
415,499,38,0.0529672090246021,1
415,500,38,0.069145959862358,1
415,501,38,0.0876126509884172,1
415,502,38,0.129626076194038,1
415,503,38,0.183827219735565,1
415,504,38,0.166379956513643,1
416,471,38,0.126936516863227,1
416,472,38,0.101847124179461,1
416,473,38,0.0906349862227157,1
416,474,38,0.0859795140323622,1
416,475,38,0.0639253391227936,1
416,500,38,0.0518766235727372,1
416,501,38,0.0681200456023878,1
416,502,38,0.0950888764203376,1
416,503,38,0.132169220619682,1
417,472,38,0.146733644332154,1
417,473,38,0.148819954536116,1
417,474,38,0.122179763743235,1
417,475,38,0.073118429002934,1
417,501,38,0.0568188840649798,1
417,502,38,0.0791756814388702,1
418,470,38,0.0970716814577221,1
418,471,38,0.138219217234032,1
418,472,38,0.192838204724828,1
418,473,38,0.237880337303007,1
418,474,38,0.173092871919348,1
418,475,38,0.0851531438831705,1
418,476,38,0.0475625056267183,1
418,501,38,0.0561907595531097,1
418,502,38,0.0767707222417154,1
419,469,38,0.106835738971824,1
419,470,38,0.0998011207557231,1
419,471,38,0.117257659646831,1
419,472,38,0.190131669055858,1
419,473,38,0.285536958209546,1
419,474,38,0.232793351123382,1
419,475,38,0.108658819751109,1
419,476,38,0.0547555616503655,1
419,501,38,0.0597034248151166,1
419,502,38,0.0820848270587249,1
420,468,38,0.112620113603924,1
420,469,38,0.148564287517034,1
420,470,38,0.134820222502564,1
420,471,38,0.101689732364422,1
420,472,38,0.139590561502243,1
420,473,38,0.242451637153808,1
420,474,38,0.238913874083085,1
420,475,38,0.122398316062675,1
420,476,38,0.0608359822191854,1
420,501,38,0.0618280219517037,1
420,502,38,0.0885378253493567,1
421,468,38,0.125125759558881,1
421,469,38,0.174171626835272,1
421,470,38,0.159854093423145,1
421,471,38,0.0997801708483283,1
421,472,38,0.0902123511468502,1
421,473,38,0.128001421395611,1
421,474,38,0.140531461819494,1
421,475,38,0.0940164455510644,1
421,476,38,0.0622528632301557,1
421,501,38,0.063835936820706,1
421,502,38,0.0929932244212271,1
422,469,38,0.122038206090629,1
422,470,38,0.118741526258404,1
422,471,38,0.100153638264916,1
422,472,38,0.0987833940922728,1
422,473,38,0.0914110044567456,1
422,474,38,0.0834196217037049,1
422,475,38,0.0761072984884615,1
422,476,38,0.0661099786338597,1
422,477,38,0.0514863541500751,1
422,500,38,0.0482585625427534,1
422,501,38,0.0640111165198141,1
422,502,38,0.0870652783003733,1
422,503,38,0.117598893662141,1
423,470,38,0.0888349172785843,1
423,471,38,0.107324974915416,1
423,472,38,0.13586193485626,1
423,473,38,0.122249905355712,1
423,474,38,0.0885125832658127,1
423,475,38,0.0752754278614315,1
423,476,38,0.0724993216678478,1
423,477,38,0.0626474849434789,1
423,478,38,0.0509884316595145,1
423,500,38,0.0487260520616681,1
423,501,38,0.0620098683501808,1
423,502,38,0.0799802660889518,1
423,503,38,0.0997169303818166,1
424,470,38,0.0817814231057484,1
424,471,38,0.0976217232300941,1
424,474,38,0.109426181495426,1
424,475,38,0.0824710688090902,1
424,476,38,0.0740408020276192,1
424,477,38,0.070818850545128,1
424,478,38,0.0611184122189623,1
424,479,38,0.0496040365307713,1
424,500,38,0.0487527940022838,1
424,501,38,0.0593528490046576,1
424,502,38,0.074949667321482,1
424,503,38,0.091213738685968,1
424,504,38,0.102163242351703,1
424,505,38,0.110696244833999,1
425,471,38,0.0944011483699253,1
425,472,38,0.105144345042294,1
425,474,38,0.140340213511357,1
425,475,38,0.104713107579776,1
425,476,38,0.0768173711029445,1
425,477,38,0.0712851948825911,1
425,478,38,0.0674779324436001,1
425,479,38,0.059102051261039,1
425,480,38,0.049627523270568,1
425,500,38,0.0499250750758116,1
425,501,38,0.0586237741929651,1
425,502,38,0.0724545543908409,1
425,503,38,0.0854469114798904,1
425,504,38,0.0939015546959341,1
425,505,38,0.105552763036096,1
426,471,38,0.112113636818321,1
426,472,38,0.0961918214158478,1
426,473,38,0.117965580161788,1
426,475,38,0.131046389743637,1
426,476,38,0.0879679337651575,1
426,477,38,0.074895179527902,1
426,478,38,0.0759274659261328,1
426,479,38,0.0727174531857036,1
426,480,38,0.0617712437952205,1
426,481,38,0.0518319584904005,1
426,499,38,0.0479250502364953,1
426,500,38,0.0528935627360817,1
426,501,38,0.0616428331863654,1
426,502,38,0.0755436948822063,1
426,503,38,0.0854522135798394,1
426,504,38,0.091826173310234,1
427,472,38,0.096286766275932,1
427,473,38,0.0978018263077263,1
427,474,38,0.132702051607299,1
427,475,38,0.130664085493801,1
427,476,38,0.103024406780378,1
427,477,38,0.0927924239171501,1
427,478,38,0.0959815709105011,1
427,479,38,0.0934527457615903,1
427,480,38,0.0782842132847493,1
427,481,38,0.063064108568155,1
427,482,38,0.0498592647139165,1
427,498,38,0.0478493029457842,1
427,499,38,0.053620978387246,1
427,500,38,0.0613548125369824,1
427,501,38,0.0720732841106092,1
427,502,38,0.0856501947133086,1
427,503,38,0.0920504304968517,1
427,504,38,0.0967127918102682,1
428,473,38,0.0874053100254462,1
428,474,38,0.106756183426785,1
428,475,38,0.121581468052167,1
428,476,38,0.122505476191575,1
428,479,38,0.123653987987101,1
428,480,38,0.101312489756487,1
428,481,38,0.081163800599106,1
428,482,38,0.0617792089680464,1
428,483,38,0.0502343882853071,1
428,497,38,0.0493483514773358,1
428,498,38,0.0547389760565342,1
428,499,38,0.0680710162064877,1
428,500,38,0.0848194001360415,1
428,501,38,0.0901419750877768,1
428,502,38,0.0902206409380403,1
428,503,38,0.0914019932914128,1
429,474,38,0.095947942852548,1
429,475,38,0.111263377162103,1
429,480,38,0.133454408769447,1
429,481,38,0.116366125366747,1
429,482,38,0.0871579628548103,1
429,483,38,0.0635485113049908,1
429,484,38,0.0527159243534372,1
429,485,38,0.0486855679436336,1
429,496,38,0.0501927379457419,1
429,497,38,0.0576490654742256,1
429,498,38,0.0683598664361347,1
429,499,38,0.0940275426899599,1
429,500,38,0.115766976049609,1
429,501,38,0.105755204666348,1
429,502,38,0.0884492526275332,1
429,503,38,0.0872908580062527,1
430,475,38,0.10904109995514,1
430,482,38,0.130376822287268,1
430,483,38,0.0862105581473727,1
430,484,38,0.0648168493570729,1
430,485,38,0.057564045520055,1
430,486,38,0.0525279943663565,1
430,487,38,0.0489679949376848,1
430,488,38,0.0479234511904789,1
430,495,38,0.0478208597644819,1
430,496,38,0.0577819726485704,1
430,497,38,0.0706481012855464,1
430,498,38,0.089972806839858,1
430,499,38,0.11292194856814,1
430,500,38,0.114501601642963,1
430,501,38,0.0953384838966207,1
430,502,38,0.0815671028479466,1
431,483,38,0.115539057889217,1
431,484,38,0.0842187058759483,1
431,485,38,0.0733853554700936,1
431,486,38,0.0650542415645393,1
431,487,38,0.05767946538289,1
431,488,38,0.0541592317038357,1
431,489,38,0.0516061082692176,1
431,490,38,0.0500712194656753,1
431,491,38,0.0502092303620798,1
431,492,38,0.0521773043383249,1
431,493,38,0.0536450121691009,1
431,494,38,0.0528220384898311,1
431,495,38,0.0553789371157961,1
431,496,38,0.0669072112791368,1
431,497,38,0.0892943183899237,1
431,498,38,0.120509385847063,1
431,499,38,0.126350376326463,1
431,500,38,0.106450200561248,1
431,501,38,0.0899831405244525,1
432,483,38,0.129343574056847,1
432,484,38,0.100581395097195,1
432,485,38,0.091503129946222,1
432,486,38,0.0842198781089302,1
432,487,38,0.073563402631419,1
432,488,38,0.0662790086184012,1
432,489,38,0.0625453443763211,1
432,490,38,0.0614785101681052,1
432,491,38,0.0618088875025681,1
432,492,38,0.0638678816723261,1
432,493,38,0.0653188175542839,1
432,494,38,0.0634324602397809,1
432,495,38,0.0649440877329461,1
432,496,38,0.0775496440066697,1
432,497,38,0.10937697175599,1
432,498,38,0.147689549231573,1
432,500,38,0.113047876447654,1
433,483,38,0.119968884247728,1
433,484,38,0.0985022204857945,1
433,485,38,0.095037640821851,1
433,486,38,0.0948030980422483,1
433,487,38,0.0887242584850912,1
433,488,38,0.0830444710807839,1
433,489,38,0.0813846793501554,1
433,490,38,0.0815528316628232,1
433,491,38,0.0794966207949658,1
433,492,38,0.078948394480853,1
433,493,38,0.0782277537351791,1
433,494,38,0.0741773040497752,1
433,495,38,0.0745427401675743,1
433,496,38,0.0870915543535218,1
433,497,38,0.115505093189997,1
433,498,38,0.143569589136067,1
434,483,38,0.109086029541329,1
434,484,38,0.0985579406268684,1
434,485,38,0.0971381140048153,1
434,486,38,0.0974098436214752,1
434,487,38,0.0972558001847487,1
434,488,38,0.0989498692100588,1
434,489,38,0.101847316545899,1
434,490,38,0.100019162101811,1
434,491,38,0.0950025099011006,1
434,492,38,0.0966815683327909,1
434,493,38,0.100193103441974,1
434,494,38,0.0958055736540313,1
434,495,38,0.0910781804616487,1
434,496,38,0.0993567602952594,1
434,497,38,0.112848705046849,1
435,486,38,0.109405586263651,1
435,487,38,0.108417375825541,1
435,488,38,0.111584593044953,1
435,489,38,0.108132469107874,1
435,490,38,0.096576217650698,1
435,491,38,0.0918951547126315,1
435,492,38,0.106077899366191,1
435,496,38,0.116616430171368,1
407,479,39,0.0605030860866742,1
407,480,39,0.0598716192079427,1
407,481,39,0.0591659229299255,1
407,482,39,0.0586676998668055,1
407,483,39,0.0578032171170734,1
407,489,39,0.105549180211188,1
407,490,39,0.112770472021071,1
408,477,39,0.0798588588207322,1
408,478,39,0.0714310867915048,1
408,479,39,0.0629472098883274,1
408,480,39,0.0589973738614792,1
408,481,39,0.0567721991350435,1
408,482,39,0.0546978036273385,1
408,483,39,0.0534023960105509,1
408,484,39,0.0524473687830053,1
408,485,39,0.05213568105029,1
408,486,39,0.0531916525662068,1
408,487,39,0.0570342803725445,1
408,488,39,0.0655347248351997,1
408,489,39,0.075458079794368,1
408,490,39,0.082542821490486,1
408,491,39,0.0838381209011521,1
409,476,39,0.102882055616215,1
409,477,39,0.0929945830091959,1
409,478,39,0.0813502878379013,1
409,479,39,0.0658033525430458,1
409,480,39,0.0597712700532393,1
409,481,39,0.0592384090083664,1
409,482,39,0.0605178321764416,1
409,483,39,0.0590647502064092,1
409,484,39,0.0552767604799312,1
409,485,39,0.0523876931070488,1
409,486,39,0.0497386689916074,1
409,487,39,0.0492338122921,1
409,488,39,0.0507567924108362,1
409,489,39,0.0552714884372381,1
409,490,39,0.0608552008286377,1
409,491,39,0.0637661619067515,1
409,492,39,0.0625767602202365,1
409,493,39,0.0606609768521618,1
409,494,39,0.059184101558322,1
409,495,39,0.0596433523833817,1
409,496,39,0.061360451278198,1
410,475,39,0.0901800095394517,1
410,476,39,0.0912060079597385,1
410,477,39,0.0889751403890265,1
410,478,39,0.0802533963737388,1
410,479,39,0.0635616884059978,1
410,480,39,0.0584656249350763,1
410,481,39,0.0687531475958427,1
410,482,39,0.088747811350851,1
410,483,39,0.084397684812208,1
410,484,39,0.0685931648453412,1
410,485,39,0.0619251189113137,1
410,486,39,0.0546883596375201,1
410,487,39,0.0487745915242963,1
410,489,39,0.0476899363690296,1
410,490,39,0.0493849101177437,1
410,491,39,0.0508296331648973,1
410,492,39,0.0504201451327829,1
410,493,39,0.05012034805052,1
410,494,39,0.0496232491287724,1
410,495,39,0.0498134875131098,1
410,496,39,0.051151907063157,1
410,497,39,0.0527064683407164,1
410,498,39,0.0548415554596288,1
411,474,39,0.0646000463699299,1
411,475,39,0.0743697125679919,1
411,476,39,0.0755770283790511,1
411,477,39,0.0744536384380461,1
411,478,39,0.069777066054018,1
411,479,39,0.0588267027507631,1
411,480,39,0.0583814826527793,1
411,481,39,0.0807975168666893,1
411,482,39,0.11773303318398,1
411,483,39,0.107611011785907,1
411,484,39,0.0788237169831864,1
411,485,39,0.070904645976502,1
411,486,39,0.0635761219003034,1
411,487,39,0.0523733377616087,1
411,498,39,0.0507382350610148,1
411,499,39,0.0546083231763854,1
411,500,39,0.0611430952375456,1
412,473,39,0.055553221108677,1
412,474,39,0.0607262792464314,1
412,475,39,0.065984152949016,1
412,476,39,0.0671341976645945,1
412,477,39,0.0648648087146613,1
412,478,39,0.0599774327717772,1
412,479,39,0.054471045677026,1
412,480,39,0.0574820733716373,1
412,481,39,0.0725188588842131,1
412,482,39,0.0931630899974839,1
412,483,39,0.0836586370029924,1
412,484,39,0.0656249326717467,1
412,485,39,0.0633847052715329,1
412,486,39,0.0608353089366522,1
412,487,39,0.0502424316069984,1
412,498,39,0.0521317255154074,1
412,499,39,0.0624623863499084,1
412,500,39,0.0715046188624526,1
412,501,39,0.0766175684997649,1
413,472,39,0.0546494775712275,1
413,473,39,0.0547838395167601,1
413,474,39,0.0587014601766847,1
413,475,39,0.06141970014112,1
413,476,39,0.0625066186077594,1
413,477,39,0.0598291362823878,1
413,478,39,0.0537967772658266,1
413,479,39,0.0507348325796416,1
413,480,39,0.0549148110038219,1
413,481,39,0.0628481351612762,1
413,482,39,0.0705099701601181,1
413,483,39,0.0645321049485881,1
413,484,39,0.0535602026157219,1
413,485,39,0.0497159066316791,1
413,486,39,0.0473572265915052,1
413,498,39,0.0549306992693153,1
413,499,39,0.0776606394414294,1
413,500,39,0.0973209042011291,1
413,501,39,0.0969134720853214,1
413,502,39,0.122614620099369,1
413,503,39,0.167488744639709,1
414,471,39,0.0728815117001115,1
414,472,39,0.0621510112126549,1
414,473,39,0.0607582361209539,1
414,474,39,0.0613503520402,1
414,475,39,0.0583183203351331,1
414,476,39,0.0552959069519692,1
414,477,39,0.0517548496059951,1
414,481,39,0.0515757684750651,1
414,482,39,0.0580862362390669,1
414,483,39,0.0557476013828839,1
414,498,39,0.0523673864249313,1
414,499,39,0.0795698583048054,1
414,500,39,0.107390692099818,1
414,501,39,0.117091947983346,1
414,502,39,0.168594719406619,1
414,503,39,0.23514353998875,1
414,504,39,0.185761849003119,1
415,471,39,0.0911587038503297,1
415,472,39,0.0760557743403178,1
415,473,39,0.0693218549241576,1
415,474,39,0.0672482649509119,1
415,475,39,0.0602912185009576,1
415,476,39,0.050761547468727,1
415,482,39,0.0472056839184736,1
415,499,39,0.0589186719425086,1
415,500,39,0.078398989922307,1
415,501,39,0.0965621147862078,1
415,502,39,0.138645104504991,1
415,503,39,0.180225182228727,1
415,504,39,0.14746076542221,1
416,471,39,0.107634708926495,1
416,472,39,0.096462643303378,1
416,473,39,0.0884820871739293,1
416,474,39,0.0872154142938266,1
416,475,39,0.0712829826685534,1
416,476,39,0.0505786490662918,1
416,500,39,0.0565705389934465,1
416,501,39,0.075084167530392,1
416,502,39,0.108102099256465,1
416,503,39,0.140256834683361,1
416,505,39,0.120658073080779,1
417,470,39,0.0930719864547096,1
417,471,39,0.120788341228052,1
417,472,39,0.125432379638243,1
417,473,39,0.128908789838127,1
417,474,39,0.125195624644603,1
417,475,39,0.0873779519110836,1
417,476,39,0.0528002469792698,1
417,500,39,0.0512882227303261,1
417,501,39,0.0658793192517253,1
417,502,39,0.0944468113531594,1
418,470,39,0.0892655235387268,1
418,471,39,0.121320547024745,1
418,472,39,0.162743581597611,1
418,473,39,0.212657754906691,1
418,474,39,0.193888381201798,1
418,475,39,0.109534856510027,1
418,476,39,0.0579674860322729,1
418,500,39,0.0536533139831933,1
418,501,39,0.0697680428657829,1
418,502,39,0.0945847561236008,1
419,470,39,0.0919194349639851,1
419,471,39,0.109530203646806,1
419,472,39,0.183385546393783,1
419,473,39,0.309563694643672,1
419,474,39,0.289674495788329,1
419,475,39,0.138182667610801,1
419,476,39,0.0646491358803419,1
419,500,39,0.0572503499626424,1
419,501,39,0.0778544486277733,1
419,502,39,0.102750440903876,1
420,469,39,0.124422648204875,1
420,470,39,0.115440145471348,1
420,471,39,0.0985460319420623,1
420,472,39,0.146846972209975,1
420,473,39,0.277213382663783,1
420,474,39,0.280247698720302,1
420,475,39,0.136282652279196,1
420,476,39,0.0665572546481502,1
420,477,39,0.048324147475229,1
420,500,39,0.0567234282315446,1
420,501,39,0.0762629049024972,1
420,502,39,0.100683830225461,1
420,503,39,0.126471903823706,1
421,468,39,0.109284756094746,1
421,469,39,0.149193662410752,1
421,470,39,0.142834460793027,1
421,471,39,0.102514707856938,1
421,472,39,0.0951937942779449,1
421,473,39,0.136704199282396,1
421,474,39,0.148172930021707,1
421,475,39,0.0977759770676122,1
421,476,39,0.068891182538052,1
421,477,39,0.0514010877264057,1
421,500,39,0.0556166659645292,1
421,501,39,0.0724441245230274,1
421,502,39,0.0946136471580167,1
421,503,39,0.120238052986181,1
422,469,39,0.119210900367266,1
422,470,39,0.120031343225585,1
422,471,39,0.106222582973416,1
422,472,39,0.102313889318507,1
422,473,39,0.0976565295324803,1
422,474,39,0.0901463033326331,1
422,475,39,0.0880807747154323,1
422,476,39,0.084951597959146,1
422,477,39,0.063040008660337,1
422,499,39,0.0472962584535431,1
422,500,39,0.0555556076547992,1
422,501,39,0.070072168192902,1
422,502,39,0.0871775060826268,1
422,503,39,0.10601926367129,1
422,504,39,0.122198783974798,1
422,505,39,0.122461039544384,1
423,470,39,0.102501146023055,1
423,471,39,0.119589309196732,1
423,474,39,0.100822544461655,1
423,475,39,0.095356494204384,1
423,476,39,0.104693534294704,1
423,477,39,0.0832621757856053,1
423,478,39,0.0580124336528155,1
423,499,39,0.047700522534574,1
423,500,39,0.054949899844414,1
423,501,39,0.0671959833599184,1
423,502,39,0.0813757523451392,1
423,503,39,0.0954448565254158,1
423,504,39,0.106001289432234,1
423,505,39,0.107959423473938,1
424,470,39,0.0997561791466317,1
424,475,39,0.0971908885348064,1
424,476,39,0.0978313124758099,1
424,477,39,0.0901755851113763,1
424,478,39,0.0729993361434223,1
424,479,39,0.0618325365515469,1
424,480,39,0.0520585060399214,1
424,499,39,0.0483481662284559,1
424,500,39,0.0541466918166548,1
424,501,39,0.0643137269612336,1
424,502,39,0.077721908151951,1
424,503,39,0.090415303750453,1
424,504,39,0.0981490056482634,1
424,505,39,0.104139579067608,1
425,475,39,0.112921852384921,1
425,476,39,0.0858752273771298,1
425,477,39,0.0839981397203608,1
425,478,39,0.0852846383664858,1
425,479,39,0.0839348511622395,1
425,480,39,0.0701597610481816,1
425,481,39,0.0545142439652725,1
425,499,39,0.0497864930915441,1
425,500,39,0.0549574201698519,1
425,501,39,0.064291737072783,1
425,502,39,0.078276710993665,1
425,503,39,0.0898720308721202,1
425,504,39,0.0945532561193688,1
425,505,39,0.103979085343755,1
426,471,39,0.10737664934984,1
426,472,39,0.103551322500025,1
426,476,39,0.0941972820257417,1
426,477,39,0.0865012779383396,1
426,478,39,0.09572408843316,1
426,479,39,0.10062685970254,1
426,480,39,0.0852188670790234,1
426,481,39,0.0656591738977211,1
426,482,39,0.050883159126287,1
426,498,39,0.047443394732853,1
426,499,39,0.0528350112014977,1
426,500,39,0.0585722259990166,1
426,501,39,0.0703338466631733,1
426,502,39,0.0859811371241833,1
426,503,39,0.0953072544076922,1
426,504,39,0.097176364868733,1
427,472,39,0.0975594806644799,1
427,473,39,0.110291830466689,1
427,475,39,0.148013614542287,1
427,476,39,0.121015441831082,1
427,477,39,0.110661101890347,1
427,478,39,0.111006075028297,1
427,479,39,0.110585333559556,1
427,480,39,0.0943465463587726,1
427,481,39,0.0766111963615042,1
427,482,39,0.0600880434736608,1
427,483,39,0.0513847966936826,1
427,498,39,0.0520265431539478,1
427,499,39,0.058849275749979,1
427,500,39,0.069194730765857,1
427,501,39,0.087044851389232,1
427,502,39,0.100530688506413,1
427,503,39,0.102949191503097,1
427,504,39,0.103435806453971,1
428,473,39,0.0938399132754387,1
428,474,39,0.118733158318348,1
428,475,39,0.141120235371879,1
428,479,39,0.12384903553239,1
428,480,39,0.109276316017276,1
428,481,39,0.0960903240739672,1
428,482,39,0.0759293475103551,1
428,483,39,0.0610127609643099,1
428,484,39,0.0518609757652914,1
428,497,39,0.051204585409929,1
428,498,39,0.0591211857101746,1
428,499,39,0.0748810526176071,1
428,500,39,0.0981482121367064,1
428,501,39,0.109361305914191,1
428,502,39,0.100880386644999,1
428,503,39,0.095729709140022,1
429,474,39,0.0989968126323962,1
429,481,39,0.138570045525441,1
429,482,39,0.105227735893192,1
429,483,39,0.0764194971945279,1
429,484,39,0.0613922097748312,1
429,485,39,0.0553215277569381,1
429,486,39,0.0508814338397957,1
429,487,39,0.047746356844167,1
429,496,39,0.0507144237028539,1
429,497,39,0.0593518330694066,1
429,498,39,0.0733674353340982,1
429,499,39,0.106414155899917,1
429,500,39,0.138058843739203,1
429,501,39,0.125165663571875,1
429,502,39,0.0940699835353566,1
430,475,39,0.117162354099675,1
430,482,39,0.149216265467223,1
430,483,39,0.101145191069888,1
430,484,39,0.077009328762322,1
430,485,39,0.0672710603738219,1
430,486,39,0.0608918706808926,1
430,487,39,0.0565436918524349,1
430,488,39,0.0538524312809373,1
430,489,39,0.0498799411002822,1
430,492,39,0.0484124586989257,1
430,493,39,0.04940316388928,1
430,494,39,0.0489343789026341,1
430,495,39,0.0510582907337856,1
430,496,39,0.0585458597741002,1
430,497,39,0.0742446503374492,1
430,498,39,0.0976779242872631,1
430,499,39,0.12814319546046,1
430,500,39,0.132460210925952,1
430,501,39,0.10647057938078,1
431,483,39,0.126936721252567,1
431,484,39,0.0970878763072261,1
431,485,39,0.0828031714300444,1
431,486,39,0.074831518259807,1
431,487,39,0.0701068362319108,1
431,488,39,0.0648320042255212,1
431,489,39,0.0565701302147656,1
431,490,39,0.0512552980121622,1
431,491,39,0.05130901633999,1
431,492,39,0.0538775230782016,1
431,493,39,0.0553887778613931,1
431,494,39,0.0556816918320441,1
431,495,39,0.0585082641583622,1
431,496,39,0.0672928639072855,1
431,497,39,0.0927037189434004,1
431,498,39,0.134508973605786,1
431,500,39,0.122583697194451,1
432,483,39,0.135695610024754,1
432,484,39,0.111105576568383,1
432,485,39,0.098580760095583,1
432,486,39,0.0929213094306492,1
432,487,39,0.0883556122523571,1
432,488,39,0.0807845080863156,1
432,489,39,0.0689689045904788,1
432,490,39,0.0623832095262938,1
432,491,39,0.062442338160192,1
432,492,39,0.0649274841047612,1
432,493,39,0.0653364010490127,1
432,494,39,0.0649737362102119,1
432,495,39,0.0674410582020048,1
432,496,39,0.076523459231396,1
432,497,39,0.110764931675289,1
433,483,39,0.120979048505582,1
433,484,39,0.102940174326313,1
433,485,39,0.0971567314691487,1
433,486,39,0.0971449430133664,1
433,487,39,0.0951692495227389,1
433,488,39,0.0908186781367079,1
433,489,39,0.0841022400206063,1
433,490,39,0.0815146349019662,1
433,491,39,0.0814826179129319,1
433,492,39,0.0805612187433393,1
433,493,39,0.0777341835352796,1
433,494,39,0.0748859940304847,1
433,495,39,0.0762337553756801,1
433,496,39,0.0850924402490607,1
433,497,39,0.110545609890097,1
434,482,39,0.130674353052432,1
434,483,39,0.111645765572256,1
434,484,39,0.101431985383229,1
434,485,39,0.0994390931307484,1
434,486,39,0.0993982573428193,1
434,487,39,0.0996795211210654,1
434,488,39,0.100549516371538,1
434,489,39,0.100779857146759,1
434,490,39,0.101248251389078,1
434,491,39,0.100362313770051,1
434,492,39,0.0995196646110389,1
434,493,39,0.097215325083891,1
434,494,39,0.0905180154054738,1
434,495,39,0.0880975827329577,1
434,496,39,0.0966678441897256,1
434,497,39,0.107603713884163,1
435,486,39,0.114383392466776,1
435,487,39,0.115040059348893,1
435,488,39,0.114645527807338,1
435,489,39,0.109502719291968,1
435,490,39,0.101396529844114,1
435,491,39,0.0989326704482061,1
435,492,39,0.10809767482839,1
436,491,39,0.0961748510891403,1
407,480,40,0.0641389981209646,1
407,481,40,0.0634111676796683,1
407,482,40,0.0626013650899544,1
407,483,40,0.0617761130706839,1
407,484,40,0.0611581960029332,1
407,488,40,0.0943938805254374,1
407,489,40,0.110818421567971,1
407,490,40,0.107910646558988,1
408,478,40,0.0763558780065912,1
408,479,40,0.0672409550262657,1
408,480,40,0.0636000294416833,1
408,481,40,0.0618693627015327,1
408,482,40,0.0602930159248632,1
408,483,40,0.058448720734332,1
408,484,40,0.0569762879029211,1
408,485,40,0.0563255122429696,1
408,486,40,0.0570009108069926,1
408,487,40,0.060247954086748,1
408,488,40,0.069847111483276,1
408,489,40,0.0819708018525658,1
408,490,40,0.0874065543958424,1
408,491,40,0.0896578067975374,1
408,492,40,0.0858583291878366,1
409,476,40,0.126817261694533,1
409,477,40,0.1008591662223,1
409,478,40,0.0817621924733938,1
409,479,40,0.0700909179091615,1
409,480,40,0.065997426233242,1
409,481,40,0.0663791593952153,1
409,482,40,0.0700618645655635,1
409,483,40,0.0678163230424984,1
409,484,40,0.0613052240761217,1
409,485,40,0.0566021411923487,1
409,486,40,0.0535686487046429,1
409,487,40,0.0522126636942205,1
409,488,40,0.0533036338789615,1
409,489,40,0.0592528004225136,1
409,490,40,0.0681139740366866,1
409,491,40,0.0742619933741304,1
409,492,40,0.0713088018514115,1
409,493,40,0.0667277153580747,1
409,494,40,0.0641435247437102,1
409,495,40,0.0639883932343185,1
410,475,40,0.103795700013773,1
410,476,40,0.104919769248763,1
410,477,40,0.0893320763148438,1
410,478,40,0.0761023210068767,1
410,479,40,0.0687873647760124,1
410,480,40,0.0678285262884127,1
410,481,40,0.0780108786106219,1
410,482,40,0.102548492212622,1
410,483,40,0.0973716047804599,1
410,484,40,0.0749994721945856,1
410,485,40,0.0655716591913069,1
410,486,40,0.0603009931205914,1
410,487,40,0.0530571343229432,1
410,488,40,0.0501889176685111,1
410,489,40,0.0511178942723278,1
410,490,40,0.055080811216964,1
410,491,40,0.0589880801579405,1
410,492,40,0.0577775903006534,1
410,493,40,0.0557360293393444,1
410,494,40,0.0543878171353098,1
410,495,40,0.0546740283378847,1
410,496,40,0.0560662022844669,1
410,497,40,0.0564798502408043,1
410,498,40,0.0569711601350566,1
411,474,40,0.0644726516963257,1
411,475,40,0.0769380569970214,1
411,476,40,0.078580421530652,1
411,477,40,0.0751074078006899,1
411,478,40,0.0704052867491072,1
411,479,40,0.0673208412011207,1
411,480,40,0.0707636714346612,1
411,481,40,0.0928573836587019,1
411,482,40,0.133427188918462,1
411,483,40,0.120229769206442,1
411,484,40,0.0844093169702594,1
411,485,40,0.0787131724072659,1
411,486,40,0.0773399465548325,1
411,487,40,0.0608342569326941,1
411,488,40,0.0523298208664492,1
411,489,40,0.0496415810491742,1
411,490,40,0.0490504089277649,1
411,491,40,0.0503353355794039,1
411,492,40,0.0498225587929545,1
411,493,40,0.0487405336475831,1
411,494,40,0.0472603610727661,1
411,495,40,0.0472134056275263,1
411,496,40,0.0483951697653053,1
411,497,40,0.0508008683709564,1
411,498,40,0.0538938742254365,1
411,499,40,0.0564134898311254,1
411,500,40,0.0618582956198932,1
412,473,40,0.0548408280740349,1
412,474,40,0.0611826986779809,1
412,475,40,0.0671080658862745,1
412,476,40,0.0714970263996005,1
412,477,40,0.0722406549346223,1
412,478,40,0.0664902450017428,1
412,479,40,0.0635703388842593,1
412,480,40,0.0689376209984895,1
412,481,40,0.0843645496932525,1
412,482,40,0.103472824970395,1
412,483,40,0.0879861484622612,1
412,484,40,0.0698242619573054,1
412,485,40,0.0769535965983458,1
412,486,40,0.0802429544830229,1
412,487,40,0.0610812915078682,1
412,488,40,0.0495767896282557,1
412,497,40,0.0482178800468297,1
412,498,40,0.0550408290551038,1
412,499,40,0.0647977930568027,1
412,500,40,0.0772931954989331,1
412,501,40,0.0827642532950447,1
413,473,40,0.0547462980040828,1
413,474,40,0.0595744010382401,1
413,475,40,0.0649803548179713,1
413,476,40,0.0721191875518908,1
413,477,40,0.0716994740413034,1
413,478,40,0.0618982176672415,1
413,479,40,0.0579362505318932,1
413,480,40,0.0627018404851328,1
413,481,40,0.070570962343885,1
413,482,40,0.074750994871126,1
413,483,40,0.0652598872982749,1
413,484,40,0.0564100993726546,1
413,485,40,0.0575155751891154,1
413,486,40,0.0560409421665693,1
413,498,40,0.0567671194587886,1
413,499,40,0.080536950514888,1
413,500,40,0.111749090395298,1
413,501,40,0.114573186003726,1
413,502,40,0.123221704532076,1
414,472,40,0.0596601002863952,1
414,473,40,0.0588606914957876,1
414,474,40,0.0600625068290086,1
414,475,40,0.0609520332843953,1
414,476,40,0.0622248198103575,1
414,477,40,0.058949642939036,1
414,478,40,0.0514915239980979,1
414,479,40,0.0495712831389663,1
414,480,40,0.0521557893545183,1
414,481,40,0.0552368564669364,1
414,482,40,0.0579855023514873,1
414,483,40,0.056128060117205,1
414,484,40,0.0499560250322598,1
414,498,40,0.0549022110021291,1
414,499,40,0.0824688806408573,1
414,500,40,0.121231252928779,1
414,501,40,0.135355169521,1
414,502,40,0.1640298999002,1
414,503,40,0.190048338319471,1
415,471,40,0.0770888302043009,1
415,472,40,0.0720179426909602,1
415,473,40,0.0683209182438791,1
415,474,40,0.0654905106117022,1
415,475,40,0.0632879990562503,1
415,476,40,0.0563957380157633,1
415,477,40,0.0490301142685497,1
415,483,40,0.0476189862163676,1
415,498,40,0.0481128419601986,1
415,499,40,0.0613036550873613,1
415,500,40,0.0823391835814476,1
415,501,40,0.103277500898351,1
415,502,40,0.139090528992315,1
415,503,40,0.161556452239645,1
415,504,40,0.128292207312541,1
416,471,40,0.0852006403590173,1
416,472,40,0.0868941142506596,1
416,473,40,0.0849190639853094,1
416,474,40,0.0823877981872156,1
416,475,40,0.0757055471940277,1
416,476,40,0.0580948386257188,1
416,499,40,0.0501691129425678,1
416,500,40,0.05994706893182,1
416,501,40,0.0811159915277973,1
416,502,40,0.119971517263349,1
416,503,40,0.146925097029631,1
416,504,40,0.134815834143196,1
417,471,40,0.0917633175765984,1
417,472,40,0.100573237557931,1
417,473,40,0.10902204365487,1
417,474,40,0.115929417483647,1
417,475,40,0.0993529670695589,1
417,476,40,0.0639310620243259,1
417,499,40,0.0476981540228054,1
417,500,40,0.0572589763950991,1
417,501,40,0.076594232046248,1
417,502,40,0.113101895348041,1
417,503,40,0.143463030152285,1
417,505,40,0.133863524091588,1
418,470,40,0.0805165115808443,1
418,471,40,0.0980175291993016,1
418,472,40,0.129239311447419,1
418,473,40,0.184190395547717,1
418,474,40,0.198807046748122,1
418,475,40,0.138941408934113,1
418,476,40,0.0737815281378236,1
418,477,40,0.0483885782090762,1
418,499,40,0.0492678521344595,1
418,500,40,0.0635815923208857,1
418,501,40,0.0872358652507727,1
418,502,40,0.118342726586504,1
419,470,40,0.0839382837008686,1
419,471,40,0.098336142123787,1
419,472,40,0.164400590026339,1
419,473,40,0.29485603007226,1
419,474,40,0.302984978874318,1
419,475,40,0.16765979447185,1
419,476,40,0.0770526412681411,1
419,477,40,0.0515116743824845,1
419,499,40,0.0527175354223559,1
419,500,40,0.0730719304279845,1
419,501,40,0.102384091045496,1
419,502,40,0.128702909657795,1
420,470,40,0.0974055875140331,1
420,471,40,0.0974296874218511,1
420,472,40,0.144454126086967,1
420,473,40,0.258603300392504,1
420,474,40,0.259965711644248,1
420,475,40,0.137616725550033,1
420,476,40,0.07061208067002,1
420,477,40,0.0525779615486422,1
420,499,40,0.0559525618111839,1
420,500,40,0.0748284824769564,1
420,501,40,0.0973363416077833,1
420,502,40,0.115221256510642,1
420,503,40,0.127009964773858,1
421,469,40,0.117896941412108,1
421,470,40,0.118500010195421,1
421,471,40,0.102880721074051,1
421,472,40,0.100493285257113,1
421,473,40,0.132155983404163,1
421,474,40,0.1364585713868,1
421,475,40,0.0962443194190841,1
421,476,40,0.073460877331385,1
421,477,40,0.0579611499627194,1
421,499,40,0.0568358904603944,1
421,500,40,0.0709125390119136,1
421,501,40,0.0856126712349848,1
421,502,40,0.0972471557179385,1
421,503,40,0.108508280990426,1
421,504,40,0.130772183409087,1
422,470,40,0.118198620078593,1
422,471,40,0.109505773109173,1
422,473,40,0.0963282332662359,1
422,474,40,0.0921587207785762,1
422,475,40,0.0949775623786649,1
422,476,40,0.103935598505851,1
422,477,40,0.0775609154776497,1
422,478,40,0.0528975363053179,1
422,498,40,0.047746341815539,1
422,499,40,0.0571919727601429,1
422,500,40,0.0685954912769515,1
422,501,40,0.0801118928241932,1
422,502,40,0.0886766718374765,1
422,503,40,0.0969273164574105,1
422,504,40,0.107947388548657,1
422,505,40,0.11242731434138,1
423,474,40,0.104289721072512,1
423,475,40,0.111634824731091,1
423,476,40,0.13985742184344,1
423,477,40,0.105386510342004,1
423,478,40,0.0650845272556311,1
423,479,40,0.0498969474956968,1
423,498,40,0.0481985622484328,1
423,499,40,0.0571547498543786,1
423,500,40,0.0666218176339236,1
423,501,40,0.0763500168416816,1
423,502,40,0.0842668876572307,1
423,503,40,0.0917637443896328,1
423,504,40,0.0983711888842208,1
423,505,40,0.0994664632680134,1
424,475,40,0.110100401815016,1
424,476,40,0.122682549497808,1
424,477,40,0.104288025843277,1
424,478,40,0.0816050230820489,1
424,479,40,0.0742049507137949,1
424,480,40,0.0625548725264562,1
424,481,40,0.0524862448378466,1
424,498,40,0.0497340942772524,1
424,499,40,0.0579212219039199,1
424,500,40,0.0650012626452078,1
424,501,40,0.0732300496286174,1
424,502,40,0.0826101557552576,1
424,503,40,0.0905797890778953,1
424,504,40,0.0956283019699093,1
425,476,40,0.0951959463774707,1
425,477,40,0.092072029640975,1
425,478,40,0.103613889684003,1
425,479,40,0.117874783203024,1
425,480,40,0.0950275656296577,1
425,481,40,0.0660843698517932,1
425,482,40,0.0506227671065702,1
425,483,40,0.0475940356882063,1
425,498,40,0.0514168858201312,1
425,499,40,0.0592366476531679,1
425,500,40,0.0653838253874452,1
425,501,40,0.074360761517171,1
425,502,40,0.0868128153847752,1
425,503,40,0.0949474750654623,1
425,504,40,0.0974538294098275,1
426,476,40,0.09735709914874,1
426,477,40,0.0944802290103208,1
426,478,40,0.117599182211799,1
426,479,40,0.140035072248987,1
426,480,40,0.113788415096764,1
426,481,40,0.0790912265611114,1
426,482,40,0.0601629040753215,1
426,483,40,0.0526753170006533,1
426,484,40,0.047289934406892,1
426,498,40,0.054190737719519,1
426,499,40,0.0617657613517359,1
426,500,40,0.0699847436582556,1
426,501,40,0.0861157816079218,1
426,502,40,0.101641340182348,1
426,503,40,0.105384490494405,1
426,504,40,0.104732656819044,1
427,477,40,0.121548465185137,1
427,478,40,0.123574504579475,1
427,479,40,0.129915214973342,1
427,480,40,0.111466011158792,1
427,481,40,0.091895202804241,1
427,482,40,0.0770864737154346,1
427,483,40,0.0645160844311686,1
427,484,40,0.0521708420282963,1
427,497,40,0.0504929197608808,1
427,498,40,0.0603011614412247,1
427,499,40,0.0687883867227145,1
427,500,40,0.0832452775963121,1
427,501,40,0.109882174113941,1
427,502,40,0.119882956564428,1
427,503,40,0.111885394039564,1
428,479,40,0.12402756360981,1
428,480,40,0.117397305657959,1
428,481,40,0.114259255999717,1
428,482,40,0.101530789594976,1
428,483,40,0.0829041036955132,1
428,484,40,0.0642470719904463,1
428,485,40,0.0549011890554269,1
428,486,40,0.0513297859038491,1
428,487,40,0.0477090678124396,1
428,495,40,0.0478829911182492,1
428,496,40,0.0492557601003922,1
428,497,40,0.057039119590752,1
428,498,40,0.0710796573549769,1
428,499,40,0.086625282153473,1
428,500,40,0.110477055300734,1
428,501,40,0.127962972153804,1
428,502,40,0.113491473453816,1
429,482,40,0.128647448009123,1
429,483,40,0.101109903851407,1
429,484,40,0.081120013188643,1
429,485,40,0.070623322083744,1
429,486,40,0.0631875717526814,1
429,487,40,0.0560337464594957,1
429,488,40,0.0517865239423116,1
429,489,40,0.0478695795706458,1
429,492,40,0.0479106678395248,1
429,493,40,0.0504994902770308,1
429,494,40,0.0518164429348809,1
429,495,40,0.0532158606801462,1
429,496,40,0.0554556492444231,1
429,497,40,0.0652184683995805,1
429,498,40,0.0849492715275357,1
429,499,40,0.1158402195709,1
429,500,40,0.145133047361387,1
429,501,40,0.132326900984378,1
429,502,40,0.0975249569002996,1
430,483,40,0.122709877554915,1
430,484,40,0.103539612193108,1
430,485,40,0.0909254415098303,1
430,486,40,0.0806039601612954,1
430,487,40,0.0720478196033712,1
430,488,40,0.0643222151303129,1
430,489,40,0.0555960046067915,1
430,490,40,0.0502104627095736,1
430,491,40,0.049727430583609,1
430,492,40,0.0523402507342627,1
430,493,40,0.0548121474404107,1
430,494,40,0.0564815454700397,1
430,495,40,0.0588555997966302,1
430,496,40,0.0631414278533521,1
430,497,40,0.0780754536192976,1
430,498,40,0.103220464249467,1
430,500,40,0.139828134053245,1
430,501,40,0.112571264551559,1
431,483,40,0.13675188211323,1
431,484,40,0.119253184914932,1
431,485,40,0.10421192087122,1
431,486,40,0.0968405772281997,1
431,487,40,0.0970269742952271,1
431,488,40,0.0853071452397386,1
431,489,40,0.0655368528889207,1
431,490,40,0.0551796635203212,1
431,491,40,0.0545033512157174,1
431,492,40,0.0579388715246117,1
431,493,40,0.0608039712416022,1
431,494,40,0.0630332578006514,1
431,495,40,0.0658640020740949,1
431,496,40,0.0713485856353825,1
431,497,40,0.094352082905318,1
432,483,40,0.133971561892363,1
432,484,40,0.120367623805116,1
432,485,40,0.107556079144939,1
432,486,40,0.107260724525105,1
432,487,40,0.117213198953834,1
432,488,40,0.106441652277657,1
432,489,40,0.0794715169747992,1
432,490,40,0.0658880538903034,1
432,491,40,0.0668615362730003,1
432,492,40,0.071297734769772,1
432,493,40,0.0718771725384598,1
432,494,40,0.0712885733181595,1
432,495,40,0.0727538885913621,1
432,496,40,0.0784987018631844,1
433,483,40,0.116204946337458,1
433,484,40,0.104634850508194,1
433,485,40,0.0979723170749067,1
433,486,40,0.0991032153184472,1
433,487,40,0.105196151728643,1
433,488,40,0.101250042801532,1
433,489,40,0.0879489315679481,1
433,490,40,0.083663512289907,1
433,491,40,0.0898065000427054,1
433,492,40,0.0912500538626027,1
433,493,40,0.0858732616325909,1
433,494,40,0.0804983329524478,1
433,495,40,0.080632015603996,1
433,496,40,0.0870041057730707,1
434,483,40,0.107260940937348,1
434,484,40,0.0996219133843181,1
434,485,40,0.0981404753990257,1
434,486,40,0.0997142372516838,1
434,487,40,0.101211701765847,1
434,488,40,0.099956829364429,1
434,489,40,0.0983156070065243,1
434,490,40,0.102303525576657,1
434,491,40,0.109918375073003,1
434,492,40,0.1070266746845,1
434,493,40,0.0978335427242012,1
434,494,40,0.0885021173292921,1
434,495,40,0.0875002608969816,1
434,496,40,0.0964443384345065,1
434,497,40,0.107455279131396,1
435,486,40,0.114616107765218,1
435,487,40,0.117701076309458,1
435,488,40,0.112646888607521,1
435,489,40,0.107105941679882,1
435,490,40,0.104114162651979,1
435,491,40,0.105803897420982,1
435,492,40,0.107770976502055,1
435,493,40,0.108537460574499,1
407,481,41,0.0670054203572168,1
407,482,41,0.0649006129179449,1
407,483,41,0.0629467169493299,1
407,484,41,0.0620543651118842,1
407,485,41,0.063157268027236,1
407,486,41,0.0680516533222069,1
407,487,41,0.0783769880109541,1
407,488,41,0.0981039137528922,1
407,489,41,0.11441474819618,1
408,478,41,0.0806504767705984,1
408,479,41,0.0729967632423132,1
408,480,41,0.069898389161921,1
408,481,41,0.0688423034284316,1
408,482,41,0.0693158735302242,1
408,483,41,0.0654685868492147,1
408,484,41,0.0607383502404196,1
408,485,41,0.0589600307266911,1
408,486,41,0.0596786215675095,1
408,487,41,0.0624380159267869,1
408,488,41,0.0727245587210094,1
408,489,41,0.089734536960518,1
408,490,41,0.101771271688354,1
408,491,41,0.105446877334848,1
408,492,41,0.0934884056900454,1
408,493,41,0.0809358463700068,1
409,477,41,0.100310350785971,1
409,478,41,0.0798629946991504,1
409,479,41,0.0724505567758,1
409,480,41,0.0712860304743064,1
409,481,41,0.0756107045286137,1
409,482,41,0.0842267431861884,1
409,483,41,0.0802121217498728,1
409,484,41,0.0680463572337091,1
409,485,41,0.0600275021487331,1
409,486,41,0.0567191420668466,1
409,487,41,0.0550439970898805,1
409,488,41,0.0562720704418965,1
409,489,41,0.0662484103318475,1
409,490,41,0.0851113943546606,1
409,491,41,0.0996838193086658,1
409,492,41,0.0902893818823902,1
409,493,41,0.0751850997958607,1
409,494,41,0.0678885386056357,1
410,476,41,0.107671859694845,1
410,477,41,0.0835869684819133,1
410,478,41,0.0730754170696744,1
410,479,41,0.0717112444627321,1
410,480,41,0.0744543718350912,1
410,481,41,0.0850808201139117,1
410,482,41,0.10663601451751,1
410,483,41,0.101752407754522,1
410,484,41,0.0785041602608643,1
410,485,41,0.0667888999082797,1
410,486,41,0.0640659108974048,1
410,487,41,0.0560869357796189,1
410,488,41,0.0515227294412217,1
410,489,41,0.0534850955445625,1
410,490,41,0.0640947117600529,1
410,491,41,0.0760772532554172,1
410,492,41,0.0733292205388876,1
410,493,41,0.064431857988555,1
410,494,41,0.0586992539740982,1
410,495,41,0.0580976279390706,1
410,496,41,0.0599856323911995,1
410,497,41,0.0591957697850805,1
410,498,41,0.0581157644873088,1
411,475,41,0.0727413006125717,1
411,476,41,0.075725240708124,1
411,477,41,0.0725119757726013,1
411,478,41,0.0710389478075228,1
411,479,41,0.0729012292600125,1
411,480,41,0.0796970485890691,1
411,481,41,0.0977316366036397,1
411,482,41,0.127368259287644,1
411,483,41,0.115309131904128,1
411,484,41,0.0839953443955577,1
411,485,41,0.0811512547004739,1
411,486,41,0.0865713414019512,1
411,487,41,0.0669631718782582,1
411,488,41,0.0567069448323834,1
411,489,41,0.0531191304190587,1
411,490,41,0.0518614025783258,1
411,491,41,0.0548358626153525,1
411,492,41,0.0549729357253715,1
411,493,41,0.0527505022206782,1
411,494,41,0.0499702811887553,1
411,495,41,0.0495156381410323,1
411,496,41,0.0509765710663179,1
411,497,41,0.0527618758863284,1
411,498,41,0.0552167241169034,1
411,499,41,0.0569451305514069,1
411,500,41,0.060741253771344,1
412,474,41,0.0604119584980952,1
412,475,41,0.0666536723137758,1
412,476,41,0.074967353010881,1
412,477,41,0.0775641075582312,1
412,478,41,0.0708564641952196,1
412,479,41,0.0699465108286915,1
412,480,41,0.0763080809581849,1
412,481,41,0.0920520475772217,1
412,482,41,0.109751449096378,1
412,483,41,0.0937867119324132,1
412,484,41,0.075093755795039,1
412,485,41,0.0855446396418753,1
412,486,41,0.0936901860606662,1
412,487,41,0.0700478699071947,1
412,488,41,0.060133423918689,1
412,489,41,0.055319237394035,1
412,497,41,0.049582801079445,1
412,498,41,0.0552905747947642,1
412,499,41,0.0642156321007261,1
412,500,41,0.0797726005076166,1
412,501,41,0.0861557036552701,1
413,473,41,0.0548321836072247,1
413,474,41,0.0604881175732127,1
413,475,41,0.0684709400197599,1
413,476,41,0.0808772587667157,1
413,477,41,0.0803485576460658,1
413,478,41,0.0665946458745478,1
413,479,41,0.0625196634568403,1
413,480,41,0.0661430476268522,1
413,481,41,0.0738531846360004,1
413,482,41,0.079498881100613,1
413,483,41,0.0705768114858922,1
413,484,41,0.0624678687933931,1
413,485,41,0.0644344429125664,1
413,486,41,0.061871310411718,1
413,487,41,0.0510849935999686,1
413,488,41,0.0496092063787941,1
413,489,41,0.0481505006961741,1
413,497,41,0.0483669790649529,1
413,498,41,0.0562052291161224,1
413,499,41,0.0778518396579571,1
413,500,41,0.117308179882626,1
413,501,41,0.126947734231146,1
413,502,41,0.112676897771858,1
414,472,41,0.058081733662126,1
414,473,41,0.0590897277861008,1
414,474,41,0.0615935513095153,1
414,475,41,0.0649153710306147,1
414,476,41,0.0678444265768085,1
414,477,41,0.0632018429378049,1
414,478,41,0.0542636506109943,1
414,479,41,0.0529182577775675,1
414,480,41,0.0546771542925032,1
414,481,41,0.0561800591699927,1
414,482,41,0.0575437328264862,1
414,483,41,0.0566348915784282,1
414,484,41,0.0534962768437746,1
414,485,41,0.0482685716089837,1
414,498,41,0.0553148610575691,1
414,499,41,0.0779259969198286,1
414,500,41,0.121780759681995,1
414,501,41,0.143790918745956,1
414,502,41,0.139900451811053,1
414,503,41,0.134386820917619,1
415,472,41,0.0688117772792922,1
415,473,41,0.0685457224725551,1
415,474,41,0.0662461019345908,1
415,475,41,0.0657551407045075,1
415,476,41,0.0594821012166792,1
415,477,41,0.0509973586645306,1
415,483,41,0.0477625907681038,1
415,498,41,0.051069225563499,1
415,499,41,0.061551374967971,1
415,500,41,0.0808743311899865,1
415,501,41,0.103860443343082,1
415,502,41,0.12706395962844,1
415,503,41,0.136223150935324,1
415,504,41,0.111554102964521,1
416,471,41,0.0737484110532216,1
416,472,41,0.0809350769042546,1
416,473,41,0.0825737984984645,1
416,474,41,0.0771491671398881,1
416,475,41,0.0751178076112474,1
416,476,41,0.0623321362369893,1
416,477,41,0.0494631431435215,1
416,498,41,0.0477402792670146,1
416,499,41,0.0540217197578799,1
416,500,41,0.0634605757969934,1
416,501,41,0.0859506710895558,1
416,502,41,0.126886381360308,1
416,503,41,0.148275545493508,1
416,504,41,0.12715443196884,1
417,471,41,0.0774410771981905,1
417,472,41,0.0901693332021394,1
417,473,41,0.101935300145506,1
417,474,41,0.105945118432321,1
417,475,41,0.104406331202683,1
417,476,41,0.073231402205135,1
417,477,41,0.0520335645289369,1
417,499,41,0.0530806030283864,1
417,500,41,0.0643768772559774,1
417,501,41,0.0889535833250616,1
417,502,41,0.129545534771003,1
417,503,41,0.146446850018813,1
417,504,41,0.132967385039893,1
418,471,41,0.0839099878001205,1
418,472,41,0.112330205358867,1
418,473,41,0.163607511293834,1
418,474,41,0.189875941922264,1
418,475,41,0.163796138609252,1
418,476,41,0.0909593220487333,1
418,477,41,0.0553494870164196,1
418,499,41,0.0572583632270778,1
418,500,41,0.0758878745085999,1
418,501,41,0.108466236900807,1
418,502,41,0.142792392657604,1
418,503,41,0.146739583645929,1
419,471,41,0.0916090276703732,1
419,472,41,0.145244968559629,1
419,473,41,0.245077679491352,1
419,474,41,0.271053785271348,1
419,475,41,0.188980776725662,1
419,476,41,0.0910994850446636,1
419,477,41,0.0556190525106513,1
419,498,41,0.0497686390815118,1
419,499,41,0.0656541663588804,1
419,500,41,0.095364687812355,1
419,501,41,0.132266413762511,1
419,502,41,0.156777685185399,1
419,503,41,0.153204117911393,1
420,471,41,0.0965515406435658,1
420,472,41,0.137478426103972,1
420,473,41,0.20678658694232,1
420,474,41,0.20878493759248,1
420,475,41,0.135505936716828,1
420,476,41,0.0768248373253217,1
420,477,41,0.0572868635171664,1
420,478,41,0.0476300352636536,1
420,498,41,0.0527232763582417,1
420,499,41,0.0722803725926302,1
420,500,41,0.103115660609432,1
420,501,41,0.125087839324778,1
420,502,41,0.131645406808849,1
420,503,41,0.132569475062769,1
421,471,41,0.100999617767888,1
421,472,41,0.106944474100937,1
421,473,41,0.123203032964682,1
421,474,41,0.123415657993249,1
421,475,41,0.0994933524891832,1
421,476,41,0.0842228838345249,1
421,477,41,0.0693131202855795,1
421,478,41,0.053144859430149,1
421,498,41,0.0542989558638292,1
421,499,41,0.0706271393552493,1
421,500,41,0.0919491435557628,1
421,501,41,0.10165873732209,1
421,502,41,0.101477167450368,1
421,503,41,0.10579140562541,1
421,504,41,0.126557158224473,1
422,474,41,0.101748776838004,1
422,475,41,0.107524531049097,1
422,476,41,0.122069357430692,1
422,477,41,0.0947972849689482,1
422,478,41,0.0617836273846705,1
422,479,41,0.0475996173206356,1
422,498,41,0.05465889150379,1
422,499,41,0.0684896476558611,1
422,500,41,0.0835007702833096,1
422,501,41,0.0909371698511007,1
422,502,41,0.0912081179791059,1
422,503,41,0.0943137178238277,1
422,504,41,0.104033056152533,1
423,475,41,0.129423766815712,1
423,476,41,0.159240408417032,1
423,477,41,0.117375460044337,1
423,478,41,0.0707084562554873,1
423,479,41,0.0546422097267396,1
423,480,41,0.0500054662125665,1
423,481,41,0.0495288513107464,1
423,482,41,0.0502738203993835,1
423,483,41,0.0527830782746731,1
423,484,41,0.0532718934166819,1
423,485,41,0.0474779515600149,1
423,498,41,0.0550704534865647,1
423,499,41,0.0677622079588921,1
423,500,41,0.0800561366144122,1
423,501,41,0.0869630054812893,1
423,502,41,0.0891006655013108,1
423,503,41,0.0926750262868738,1
423,504,41,0.0981351552647231,1
424,475,41,0.12908262898362,1
424,476,41,0.139243376150255,1
424,477,41,0.108177603083403,1
424,478,41,0.0850610664853036,1
424,479,41,0.0834649600685748,1
424,480,41,0.070938141782529,1
424,481,41,0.0605966302786312,1
424,482,41,0.0553286513265974,1
424,483,41,0.0560006534206985,1
424,484,41,0.0562461430529169,1
424,485,41,0.0495197920538041,1
424,497,41,0.0488151237339403,1
424,498,41,0.056836160975698,1
424,499,41,0.0683733260753476,1
424,500,41,0.0779761865258083,1
424,501,41,0.0841097363002394,1
424,502,41,0.0895113257664071,1
424,503,41,0.0948832066407972,1
424,504,41,0.0992291912895707,1
425,476,41,0.107853068879496,1
425,477,41,0.0985775259348432,1
425,478,41,0.116703151366225,1
425,479,41,0.145689611558299,1
425,480,41,0.112586016652778,1
425,481,41,0.0753268558263562,1
425,482,41,0.0587616287916387,1
425,483,41,0.054737383021969,1
425,484,41,0.0531366898679828,1
425,485,41,0.0478533726982394,1
425,497,41,0.0507484545280366,1
425,498,41,0.0587996512204112,1
425,499,41,0.0698892277103084,1
425,500,41,0.0783709044223505,1
425,501,41,0.0869852959422993,1
425,502,41,0.097796800734532,1
425,503,41,0.103907513005895,1
426,476,41,0.105299007658493,1
426,477,41,0.106094250513426,1
426,478,41,0.136764458069118,1
426,479,41,0.175206834798781,1
426,480,41,0.13627630418674,1
426,481,41,0.0915014707856938,1
426,482,41,0.0721556830720612,1
426,483,41,0.0616551987414618,1
426,484,41,0.0537114447161941,1
426,485,41,0.0484963454945472,1
426,497,41,0.0519589443853238,1
426,498,41,0.0616250453022962,1
426,499,41,0.0725292947634778,1
426,500,41,0.0829680174445581,1
426,501,41,0.101040651933706,1
426,502,41,0.115572854267803,1
426,503,41,0.114050466277009,1
427,477,41,0.132537373913418,1
427,478,41,0.133815504619488,1
427,479,41,0.145240520085749,1
427,480,41,0.125941934286855,1
427,481,41,0.110407394604352,1
427,482,41,0.103298949756195,1
427,483,41,0.0846510133767774,1
427,484,41,0.0615551140906107,1
427,485,41,0.0519418057379831,1
427,486,41,0.049616600463757,1
427,495,41,0.0473683087017728,1
427,496,41,0.048274138212785,1
427,497,41,0.054893476363551,1
427,498,41,0.0693834602759458,1
427,499,41,0.0824036323496483,1
427,500,41,0.0976511973752754,1
427,501,41,0.125288297176138,1
427,502,41,0.132287321589747,1
428,478,41,0.133815384390464,1
428,479,41,0.126589030938679,1
428,480,41,0.127187999912281,1
428,481,41,0.13826206685811,1
428,482,41,0.14283492968622,1
428,483,41,0.119731624292188,1
428,484,41,0.0814546947221575,1
428,485,41,0.0639184860684378,1
428,486,41,0.0597146481944871,1
428,487,41,0.0546389996118045,1
428,488,41,0.0501078051576135,1
428,493,41,0.0506834647292288,1
428,494,41,0.0526462636570553,1
428,495,41,0.0530296680024592,1
428,496,41,0.0533340818792354,1
428,497,41,0.0628866385061438,1
428,498,41,0.0842427576921568,1
428,499,41,0.101535827191073,1
428,500,41,0.118050906699969,1
428,501,41,0.133928748336992,1
428,502,41,0.121179133646968,1
429,482,41,0.156694679067377,1
429,483,41,0.137321671502759,1
429,484,41,0.109629212247894,1
429,485,41,0.0924146523015105,1
429,486,41,0.0815287798466147,1
429,487,41,0.0685827049202718,1
429,488,41,0.0594454373758756,1
429,489,41,0.052069795545255,1
429,490,41,0.0479204214190795,1
429,491,41,0.0483897925222164,1
429,492,41,0.0520528071841939,1
429,493,41,0.0557512443223046,1
429,494,41,0.0591008309364475,1
429,495,41,0.0605896569952516,1
429,496,41,0.0607196245699648,1
429,497,41,0.0711363092709851,1
429,498,41,0.0960583732108959,1
429,499,41,0.119994456961087,1
429,500,41,0.136253917542511,1
429,501,41,0.126896059796723,1
430,483,41,0.14741891369903,1
430,484,41,0.144376578366624,1
430,485,41,0.132529030019167,1
430,486,41,0.114336382918476,1
430,487,41,0.0930802041084854,1
430,488,41,0.0758209249767044,1
430,489,41,0.0614762739082628,1
430,490,41,0.0540678937144651,1
430,491,41,0.0532860744300375,1
430,492,41,0.0563756717916933,1
430,493,41,0.0601061138959359,1
430,494,41,0.0644405325126212,1
430,495,41,0.0672174803093714,1
430,496,41,0.0679737148575373,1
430,497,41,0.0802556386450324,1
430,498,41,0.105595059606665,1
431,483,41,0.141789189660227,1
431,484,41,0.147211915388776,1
431,485,41,0.138314655033114,1
431,486,41,0.125461234603952,1
431,487,41,0.1188340064235,1
431,488,41,0.0999356149531819,1
431,489,41,0.0729097294519942,1
431,490,41,0.0600039492829733,1
431,491,41,0.0582916535376573,1
431,492,41,0.0620032016508118,1
431,493,41,0.0664171397438295,1
431,494,41,0.0703075766214759,1
431,495,41,0.0723676408295456,1
431,496,41,0.0746469186166853,1
431,497,41,0.0923584512443415,1
432,483,41,0.126290634524543,1
432,484,41,0.124774233939134,1
432,485,41,0.116513393897983,1
432,486,41,0.116341911241356,1
432,487,41,0.131296598365039,1
432,488,41,0.120380981249659,1
432,489,41,0.0861258447772127,1
432,490,41,0.0701108999729148,1
432,491,41,0.0721226080676176,1
432,492,41,0.0795498702296009,1
432,493,41,0.0807057280184795,1
432,494,41,0.0785659219103834,1
432,495,41,0.0781346243333541,1
432,496,41,0.0829532292746323,1
433,483,41,0.111537968229529,1
433,484,41,0.103893854988793,1
433,485,41,0.0978182135236684,1
433,486,41,0.0980014906475285,1
433,487,41,0.107379558892216,1
433,488,41,0.10436866344953,1
433,489,41,0.0882691074697427,1
433,490,41,0.0853929106138567,1
433,491,41,0.0987923571659961,1
433,492,41,0.105227435320633,1
433,493,41,0.0954849709392022,1
433,494,41,0.0842194152271886,1
433,495,41,0.0824266441848011,1
433,496,41,0.0901065015143086,1
434,484,41,0.0990294247550983,1
434,485,41,0.0972563592497093,1
434,486,41,0.0995331843647637,1
434,487,41,0.101047781514816,1
434,488,41,0.0975846205533536,1
434,489,41,0.0947179758934075,1
434,490,41,0.103616065829334,1
434,491,41,0.120408694039641,1
434,492,41,0.116906037843865,1
434,493,41,0.0993796879700955,1
434,494,41,0.0869918965157052,1
434,495,41,0.0865495919715482,1
434,496,41,0.0965049518968485,1
435,487,41,0.113544530522013,1
435,488,41,0.106233595951995,1
435,489,41,0.102121198262085,1
435,490,41,0.107301157545804,1
435,491,41,0.113911241067464,1
435,492,41,0.108566495883743,1
435,493,41,0.0995615343685726,1
407,482,42,0.0700889281188178,1
407,483,42,0.0663863190335818,1
407,484,42,0.0640038126066191,1
407,485,42,0.0651703587557123,1
407,486,42,0.0700340736267152,1
407,487,42,0.0808078144825766,1
407,488,42,0.097883834524851,1
408,479,42,0.0804701693036258,1
408,480,42,0.0787181739346554,1
408,481,42,0.0827215539572469,1
408,482,42,0.0896436858986937,1
408,483,42,0.0807584364225075,1
408,484,42,0.0680267238341247,1
408,485,42,0.0630532218300512,1
408,486,42,0.063119516113767,1
408,487,42,0.0656135349602917,1
408,488,42,0.0776743455501411,1
408,489,42,0.103348159495631,1
408,490,42,0.13066888263185,1
408,491,42,0.136414639701509,1
408,492,42,0.108766340567081,1
409,478,42,0.0789944181511585,1
409,479,42,0.0768890336125725,1
409,480,42,0.0801869758495479,1
409,481,42,0.0950854799504156,1
409,482,42,0.113362239276148,1
409,483,42,0.101950172475748,1
409,484,42,0.0779678967346182,1
409,485,42,0.0653810661313493,1
409,486,42,0.0612823204470904,1
409,487,42,0.0592631461300105,1
409,488,42,0.0624259329098963,1
409,489,42,0.0813194551047512,1
409,490,42,0.123615298287246,1
409,491,42,0.158437194377822,1
409,492,42,0.132850907161649,1
409,493,42,0.0897704553813742,1
410,476,42,0.11003234016465,1
410,477,42,0.0811268121399381,1
410,478,42,0.0746084934206831,1
410,479,42,0.0791077039488213,1
410,480,42,0.0844434139214052,1
410,481,42,0.0972736301489763,1
410,482,42,0.114032359786027,1
410,483,42,0.104618006421961,1
410,484,42,0.0814063927118512,1
410,485,42,0.0704645356120292,1
410,486,42,0.0692884613128009,1
410,487,42,0.0610039241310616,1
410,488,42,0.0552052001649735,1
410,489,42,0.0596746419868221,1
410,490,42,0.0828027987200707,1
410,491,42,0.113548281667555,1
410,492,42,0.108840197256393,1
410,493,42,0.0806957129407981,1
410,494,42,0.0653822684215872,1
410,495,42,0.0626201749207258,1
410,496,42,0.0651257658107899,1
410,497,42,0.0642457554826358,1
411,475,42,0.0684228423987941,1
411,476,42,0.0724760813975499,1
411,477,42,0.072256296730617,1
411,478,42,0.0764443244879398,1
411,479,42,0.0841909930859655,1
411,480,42,0.0913346470037388,1
411,481,42,0.102528882858842,1
411,482,42,0.117183093606278,1
411,483,42,0.107685493666143,1
411,484,42,0.0836644200190366,1
411,485,42,0.0830891602089253,1
411,486,42,0.092122327453076,1
411,487,42,0.0740541053691012,1
411,488,42,0.0641466567097798,1
411,489,42,0.0601674186751646,1
411,490,42,0.056102150762579,1
411,491,42,0.062801708723741,1
411,492,42,0.0663901182707334,1
411,493,42,0.0611803782578218,1
411,494,42,0.0558806889007643,1
411,495,42,0.0541145425756943,1
411,496,42,0.055560332655434,1
411,497,42,0.0565766766851108,1
411,498,42,0.0575716019142,1
411,499,42,0.0587095996815951,1
411,500,42,0.0607295554873296,1
412,474,42,0.0576690054578206,1
412,475,42,0.0646710897000853,1
412,476,42,0.0755811762803718,1
412,477,42,0.0811566048920324,1
412,478,42,0.0784776317267658,1
412,479,42,0.082727841935191,1
412,480,42,0.0875663026997475,1
412,481,42,0.0975095615738037,1
412,482,42,0.113159845737506,1
412,483,42,0.1065525635521,1
412,484,42,0.0851594859641752,1
412,485,42,0.0886070652441553,1
412,486,42,0.0967588695836344,1
412,487,42,0.0774771759625824,1
412,488,42,0.0756959649408319,1
412,489,42,0.0722165069351948,1
412,490,42,0.0533188729077264,1
412,493,42,0.0481354209708657,1
412,494,42,0.0486437673177886,1
412,495,42,0.0487232507254138,1
412,496,42,0.0498990274578083,1
412,497,42,0.0522002921276728,1
412,498,42,0.0564034567190904,1
412,499,42,0.0650351131268549,1
412,500,42,0.0809272259490014,1
412,501,42,0.0903526283603531,1
413,474,42,0.0597959771176275,1
413,475,42,0.0691538769435743,1
413,476,42,0.0841179960341735,1
413,477,42,0.0850771952088445,1
413,478,42,0.0731466768120726,1
413,479,42,0.0720886854485562,1
413,480,42,0.0733503868585253,1
413,481,42,0.076800683314443,1
413,482,42,0.08400688037039,1
413,483,42,0.0836448226881594,1
413,484,42,0.0739687427622128,1
413,485,42,0.0697909945864237,1
413,486,42,0.0642860322056043,1
413,487,42,0.0563416770352177,1
413,488,42,0.0616926741281761,1
413,489,42,0.0620198894393134,1
413,490,42,0.049530774975127,1
413,496,42,0.0482653494711462,1
413,497,42,0.0505707319850754,1
413,498,42,0.0562755270263303,1
413,499,42,0.0746434379864466,1
413,500,42,0.113833032087491,1
413,501,42,0.133241314847688,1
413,502,42,0.11072940399876,1
414,473,42,0.0592822745676949,1
414,474,42,0.0647848624252945,1
414,475,42,0.0675892284509192,1
414,476,42,0.0695844170777537,1
414,477,42,0.0652906779512667,1
414,478,42,0.0579562686643537,1
414,479,42,0.0576925523121292,1
414,480,42,0.0580038673348707,1
414,481,42,0.0576788702492223,1
414,482,42,0.0580113155228943,1
414,483,42,0.0595371120065128,1
414,484,42,0.057791615016278,1
414,485,42,0.0516817022679234,1
414,496,42,0.0475602603496991,1
414,497,42,0.0502396813680793,1
414,498,42,0.0561305428465462,1
414,499,42,0.0737487116257811,1
414,500,42,0.11344630340958,1
414,501,42,0.140762698300943,1
414,502,42,0.122317161471619,1
414,503,42,0.103368165605189,1
415,472,42,0.0644496639069777,1
415,473,42,0.0676697999312098,1
415,474,42,0.0687231444429568,1
415,475,42,0.0664722046367237,1
415,476,42,0.0598735849524816,1
415,477,42,0.052559380153016,1
415,478,42,0.0487859261155137,1
415,479,42,0.0486386726129056,1
415,480,42,0.0492723637285771,1
415,481,42,0.0489868859230473,1
415,482,42,0.0481823313302216,1
415,483,42,0.0484131860845197,1
415,497,42,0.0482457461288178,1
415,498,42,0.0536850364111194,1
415,499,42,0.0621230639760758,1
415,500,42,0.0789216375116093,1
415,501,42,0.101603936933048,1
415,502,42,0.115562718961098,1
415,503,42,0.117802585674241,1
416,472,42,0.073978276923799,1
416,473,42,0.0783628190205009,1
416,474,42,0.0736208240131794,1
416,475,42,0.0711663845612853,1
416,476,42,0.0628643179878778,1
416,477,42,0.0523062680006894,1
416,498,42,0.0515133996689758,1
416,499,42,0.0569576163355271,1
416,500,42,0.0661649353206325,1
416,501,42,0.0888211330210072,1
416,502,42,0.126144015230036,1
416,503,42,0.140737846961726,1
416,504,42,0.118043909370785,1
417,472,42,0.0830100434998226,1
417,473,42,0.0978093706789689,1
417,474,42,0.098907963383818,1
417,475,42,0.102053220772036,1
417,476,42,0.0795622838763068,1
417,477,42,0.0578130879199263,1
417,481,42,0.0479796342132944,1
417,498,42,0.0506323673941196,1
417,499,42,0.0565420146575531,1
417,500,42,0.0683601850430478,1
417,501,42,0.0964539687793118,1
417,502,42,0.136838783651623,1
417,503,42,0.141829622680926,1
417,504,42,0.11971030768627,1
418,471,42,0.0747385812244201,1
418,472,42,0.0989537886762342,1
418,473,42,0.140391875922878,1
418,474,42,0.166349454410308,1
418,475,42,0.167175752422086,1
418,476,42,0.104078622952548,1
418,477,42,0.0624697624005177,1
418,478,42,0.0476079371690816,1
418,481,42,0.0484650558911067,1
418,498,42,0.0528484768521618,1
418,499,42,0.0628719164621811,1
418,500,42,0.0842184714293519,1
418,501,42,0.125169811473196,1
418,502,42,0.162606785014347,1
418,503,42,0.149529558257406,1
418,504,42,0.129116725934766,1
419,471,42,0.0848967374555922,1
419,472,42,0.121035135345178,1
419,473,42,0.181105402957672,1
419,474,42,0.213678884051514,1
419,475,42,0.188084733857186,1
419,476,42,0.103450546532287,1
419,477,42,0.0612961588077282,1
419,478,42,0.0492979424533877,1
419,498,42,0.057364705798617,1
419,499,42,0.0771828012092924,1
419,500,42,0.116230206455356,1
419,501,42,0.159109683399469,1
419,502,42,0.178579018457944,1
419,503,42,0.159057888736022,1
419,504,42,0.151731144049375,1
420,471,42,0.0950010130497544,1
420,472,42,0.126575192578041,1
420,473,42,0.156966348569525,1
420,474,42,0.161767418107684,1
420,475,42,0.131863129548024,1
420,476,42,0.0848202778079152,1
420,477,42,0.0629534978662715,1
420,478,42,0.0525021811949495,1
420,498,42,0.0618047035325403,1
420,499,42,0.0915282638236446,1
420,500,42,0.137731219649385,1
420,501,42,0.156868638441893,1
420,502,42,0.1458594470773,1
420,503,42,0.13558575676572,1
420,504,42,0.153935447017281,1
421,471,42,0.0979603963671983,1
421,472,42,0.109606969878494,1
421,473,42,0.112610964175214,1
421,474,42,0.111250741091703,1
421,475,42,0.104042662451533,1
421,476,42,0.0957400007444581,1
421,477,42,0.0796561286408234,1
421,478,42,0.0596917325425534,1
421,479,42,0.0487083994352506,1
421,483,42,0.0489895910760825,1
421,497,42,0.047413481751735,1
421,498,42,0.0636706700046091,1
421,499,42,0.0896930158671533,1
421,500,42,0.11969569985988,1
421,501,42,0.121839623812041,1
421,502,42,0.106554595422602,1
421,503,42,0.104241605417193,1
421,504,42,0.123435640057002,1
422,474,42,0.108224780952337,1
422,475,42,0.121003923890604,1
422,476,42,0.13405672010991,1
422,477,42,0.106168708347857,1
422,478,42,0.0692432612113084,1
422,479,42,0.0524830888259722,1
422,482,42,0.0510145393920297,1
422,483,42,0.0580536902423279,1
422,484,42,0.0574591396853501,1
422,485,42,0.0476457131283554,1
422,497,42,0.0488683791800265,1
422,498,42,0.0648481329490621,1
422,499,42,0.0863346044426644,1
422,500,42,0.103776295049334,1
422,501,42,0.103557947119236,1
422,502,42,0.0943410278465808,1
422,503,42,0.0920986122781342,1
422,504,42,0.101841425323733,1
423,475,42,0.145608132348879,1
423,476,42,0.158778031637354,1
423,477,42,0.11696763117275,1
423,478,42,0.0748841725607743,1
423,479,42,0.0602581975995746,1
423,480,42,0.0553549754713555,1
423,481,42,0.0553328172622716,1
423,482,42,0.0593502700920974,1
423,483,42,0.0704440245405712,1
423,484,42,0.071250454706168,1
423,485,42,0.0562963867619573,1
423,497,42,0.0518279849211644,1
423,498,42,0.0660697620254031,1
423,499,42,0.0856474835488222,1
423,500,42,0.100630869340483,1
423,501,42,0.100509257682923,1
423,502,42,0.0949471083669397,1
423,503,42,0.093242158614977,1
424,476,42,0.147167310420952,1
424,477,42,0.109185458944001,1
424,478,42,0.0895111273885179,1
424,479,42,0.0920641907086241,1
424,480,42,0.0790646619583057,1
424,481,42,0.068878450284433,1
424,482,42,0.0650207277241588,1
424,483,42,0.0709485415930865,1
424,484,42,0.0700009926108204,1
424,485,42,0.0566405122852902,1
424,496,42,0.0483739463368813,1
424,497,42,0.0569346766377886,1
424,498,42,0.0696430046810449,1
424,499,42,0.0883719393537873,1
424,500,42,0.102696506163805,1
424,501,42,0.102097140434425,1
424,502,42,0.0997709913623622,1
424,503,42,0.100471908536684,1
425,476,42,0.122105726710388,1
425,477,42,0.108534406757294,1
425,478,42,0.126711676565844,1
425,479,42,0.161491612727117,1
425,480,42,0.124492128557721,1
425,481,42,0.0863185779137937,1
425,482,42,0.0680996547599536,1
425,483,42,0.0636758999671438,1
425,484,42,0.0603136592482474,1
425,485,42,0.0531625391080969,1
425,496,42,0.052378615815753,1
425,497,42,0.0604028030579338,1
425,498,42,0.0725804341787454,1
425,499,42,0.0907647494080885,1
425,500,42,0.104740231247543,1
425,501,42,0.108026427108894,1
425,502,42,0.11200324252868,1
425,503,42,0.113332206066006,1
426,476,42,0.117655413326223,1
426,477,42,0.122568644520673,1
426,478,42,0.152107064138048,1
426,479,42,0.195218871647726,1
426,480,42,0.152292950231725,1
426,481,42,0.1069867466257,1
426,482,42,0.0856502668507229,1
426,483,42,0.0709113607674805,1
426,484,42,0.0600822243889095,1
426,485,42,0.0546356452220409,1
426,486,42,0.0512358209103088,1
426,487,42,0.0472936945696109,1
426,495,42,0.0498974193946151,1
426,496,42,0.0541367188191317,1
426,497,42,0.0619383080352231,1
426,498,42,0.0759276763269245,1
426,499,42,0.093231169682203,1
426,500,42,0.107052848542978,1
426,501,42,0.119787122009568,1
426,502,42,0.129245070417658,1
427,476,42,0.139185798470764,1
427,477,42,0.141153899498539,1
427,478,42,0.141144389382758,1
427,479,42,0.154206335030775,1
427,480,42,0.138644286947629,1
427,481,42,0.130240879330072,1
427,482,42,0.130756337223752,1
427,483,42,0.104077528868431,1
427,484,42,0.0716107931133585,1
427,485,42,0.0602230426330195,1
427,486,42,0.057834572846477,1
427,487,42,0.0533146288231868,1
427,488,42,0.048180059001672,1
427,492,42,0.0473801632835181,1
427,493,42,0.0511738548714492,1
427,494,42,0.0524327068535545,1
427,495,42,0.0533243433283087,1
427,496,42,0.0551216710506978,1
427,497,42,0.0643648964337571,1
427,498,42,0.0840935174049306,1
427,499,42,0.103355517511886,1
427,500,42,0.117018139385643,1
427,501,42,0.134513337919349,1
427,502,42,0.138283792242708,1
428,475,42,0.125317512828918,1
428,477,42,0.146996224520103,1
428,478,42,0.133722495446686,1
428,479,42,0.13494469561089,1
428,481,42,0.160943308264139,1
428,482,42,0.183057826120746,1
428,483,42,0.152786334076637,1
428,484,42,0.0974131619425317,1
428,485,42,0.0751033921512954,1
428,486,42,0.0711083740573083,1
428,487,42,0.0649008413530901,1
428,488,42,0.0571737340172345,1
428,489,42,0.0497184494755321,1
428,492,42,0.0520793838099019,1
428,493,42,0.0583127417084294,1
428,494,42,0.0608664542652641,1
428,495,42,0.0605145318897386,1
428,496,42,0.0604184208081237,1
428,497,42,0.0723798621098135,1
428,498,42,0.0993948548614462,1
428,499,42,0.119291105149034,1
428,500,42,0.126413099808172,1
428,501,42,0.132858361361123,1
429,477,42,0.136299255907381,1
429,482,42,0.181197125679919,1
429,483,42,0.168426567093951,1
429,484,42,0.139051454559585,1
429,485,42,0.118992973238751,1
429,486,42,0.106564333973529,1
429,487,42,0.0883429160674452,1
429,488,42,0.0714231937560932,1
429,489,42,0.0579637589325356,1
429,490,42,0.0516619907194736,1
429,491,42,0.0522040793419221,1
429,492,42,0.058060934041011,1
429,493,42,0.0662250859012329,1
429,494,42,0.071082170141574,1
429,495,42,0.0711332734881345,1
429,496,42,0.069353715615461,1
429,497,42,0.0805769867798089,1
429,498,42,0.107871307622405,1
429,499,42,0.12472998965838,1
429,500,42,0.127525470759147,1
429,501,42,0.119838002932434,1
430,483,42,0.165488025477781,1
430,486,42,0.157893146022285,1
430,487,42,0.122347904033001,1
430,488,42,0.0920694988200243,1
430,489,42,0.0697866723530186,1
430,490,42,0.0588165313753508,1
430,491,42,0.0575322329203611,1
430,492,42,0.0627903050008349,1
430,493,42,0.0714842220085672,1
430,494,42,0.0776824369634419,1
430,495,42,0.0788148020010726,1
430,496,42,0.0762759317172244,1
430,497,42,0.0847298174904182,1
430,498,42,0.107658935074788,1
431,483,42,0.142875230454993,1
431,484,42,0.173271219653233,1
431,486,42,0.157816944867009,1
431,487,42,0.139381519298586,1
431,488,42,0.114818573441274,1
431,489,42,0.0831317813978577,1
431,490,42,0.0664197186563897,1
431,491,42,0.0632743590735017,1
431,492,42,0.0683498032668438,1
431,493,42,0.0766843857797343,1
431,494,42,0.081810650781431,1
431,495,42,0.0827328554854829,1
431,496,42,0.083464394992163,1
431,497,42,0.0961167624362979,1
432,483,42,0.118194772749832,1
432,484,42,0.125803033695675,1
432,485,42,0.124747699393584,1
432,486,42,0.123629629586882,1
432,487,42,0.135783256983094,1
432,488,42,0.128365547017051,1
432,489,42,0.0943947642087622,1
432,490,42,0.0758990077162026,1
432,491,42,0.0772443704923734,1
432,492,42,0.0878533675283914,1
432,493,42,0.092272607721358,1
432,494,42,0.089092640213973,1
432,495,42,0.0869175709332004,1
432,496,42,0.0933806263816719,1
433,483,42,0.107271701434977,1
433,484,42,0.102441296015014,1
433,485,42,0.0983322286690628,1
433,486,42,0.0985616677266057,1
433,487,42,0.108089775781527,1
433,488,42,0.107364434081023,1
433,489,42,0.0918091849491729,1
433,490,42,0.0889813201608491,1
433,491,42,0.106331654743795,1
433,492,42,0.117880253623607,1
433,493,42,0.107566707390642,1
433,494,42,0.0919387798139124,1
433,495,42,0.0880099538089709,1
433,496,42,0.0983263735156044,1
434,485,42,0.0969030181717032,1
434,486,42,0.0987495375991745,1
434,487,42,0.100901943708963,1
434,488,42,0.0969781252428626,1
434,489,42,0.0942948358556421,1
434,490,42,0.10581743520906,1
434,491,42,0.129838472787459,1
434,492,42,0.125536305606404,1
434,493,42,0.103082309078234,1
434,494,42,0.088349799179057,1
434,495,42,0.087693769510766,1
434,496,42,0.0980198856881678,1
435,488,42,0.101146044695957,1
435,489,42,0.0999632916744575,1
435,490,42,0.111663896109043,1
435,491,42,0.12533041340317,1
435,492,42,0.112674517237187,1
435,493,42,0.0978342881441486,1
407,485,43,0.065900425456851,1
408,481,43,0.0952584955270956,1
408,482,43,0.102689749292669,1
408,483,43,0.0892007802094178,1
408,484,43,0.0723172107655184,1
408,485,43,0.0654399723415535,1
408,486,43,0.0660667021967478,1
408,487,43,0.0709840031436523,1
408,488,43,0.0833716202659581,1
408,489,43,0.111688290577969,1
408,490,43,0.15205339390183,1
408,491,43,0.161571420753107,1
408,492,43,0.120802095428373,1
409,479,43,0.0857822723073893,1
409,480,43,0.0957272745022903,1
409,481,43,0.120034312882473,1
409,482,43,0.14066063588265,1
409,483,43,0.116698919304588,1
409,484,43,0.0831118293913603,1
409,485,43,0.0684242310440188,1
409,486,43,0.0648874899199986,1
409,487,43,0.0643045234294627,1
409,488,43,0.0695499534280853,1
409,489,43,0.0954843337253761,1
409,490,43,0.162065273491212,1
409,491,43,0.221266201101413,1
409,492,43,0.18182687328361,1
409,493,43,0.10655084427706,1
409,494,43,0.0770503989968475,1
410,477,43,0.0809967724278106,1
410,478,43,0.0828699165725995,1
410,479,43,0.092457087135456,1
410,480,43,0.0992267446289367,1
410,481,43,0.115672572220132,1
410,482,43,0.125436491470857,1
410,483,43,0.105169460885363,1
410,484,43,0.0805226372496062,1
410,485,43,0.0715309189614059,1
410,486,43,0.0705057621442856,1
410,487,43,0.0633642362802333,1
410,488,43,0.0584704581418325,1
410,489,43,0.0658857995961074,1
410,490,43,0.100102306483211,1
410,491,43,0.150973472764375,1
410,492,43,0.150327434127961,1
410,493,43,0.100663481463185,1
410,494,43,0.0725258862706534,1
410,495,43,0.0657344613124162,1
410,496,43,0.0680893270868104,1
411,476,43,0.0689857907568696,1
411,477,43,0.0740628760763864,1
411,478,43,0.0908836619240645,1
411,479,43,0.10769194996472,1
411,480,43,0.107986030156902,1
411,481,43,0.109645779807372,1
411,482,43,0.110864337032155,1
411,483,43,0.103811341809768,1
411,484,43,0.0848215762813721,1
411,485,43,0.0806496892704926,1
411,486,43,0.0854927307608554,1
411,487,43,0.0732108189962627,1
411,488,43,0.0666716285184783,1
411,489,43,0.0639936712884627,1
411,490,43,0.0589882665129274,1
411,491,43,0.0688735509517137,1
411,492,43,0.078188949817752,1
411,493,43,0.0698823145414407,1
411,494,43,0.0618558429478079,1
411,495,43,0.0591862296120431,1
411,496,43,0.0603056700296167,1
411,497,43,0.0603582942733281,1
411,498,43,0.0596371245199496,1
411,499,43,0.0598638644359085,1
412,475,43,0.0637079650477877,1
412,476,43,0.0738586791023874,1
412,477,43,0.0827362760012096,1
412,478,43,0.0961991373519452,1
412,479,43,0.112787881183715,1
412,480,43,0.109986424700466,1
412,481,43,0.103676156295423,1
412,482,43,0.11014803655424,1
412,483,43,0.119472001738223,1
412,484,43,0.0993015330931831,1
412,485,43,0.0866698029609812,1
412,486,43,0.0864962703994989,1
412,487,43,0.0771160741010909,1
412,488,43,0.0844177029446685,1
412,489,43,0.084106261681452,1
412,490,43,0.0585236174046997,1
412,493,43,0.0493467073454355,1
412,494,43,0.0517190153454555,1
412,495,43,0.0532857558231244,1
412,496,43,0.0539385212734197,1
412,497,43,0.0539651219449324,1
412,498,43,0.056516417898389,1
412,499,43,0.0631842654545273,1
412,500,43,0.07626559803263,1
413,474,43,0.0598757370520074,1
413,475,43,0.069548324324813,1
413,476,43,0.0813991669475217,1
413,477,43,0.0842011464270243,1
413,478,43,0.0834521196088344,1
413,479,43,0.0905790316350455,1
413,480,43,0.0895604333111727,1
413,481,43,0.0826155239811696,1
413,482,43,0.0854773775145179,1
413,483,43,0.097231297509701,1
413,484,43,0.087815729832495,1
413,485,43,0.0739602365587799,1
413,486,43,0.0652999656433542,1
413,487,43,0.0619734028872663,1
413,488,43,0.0716643010403946,1
413,489,43,0.0727530650225492,1
413,490,43,0.0548927008863476,1
413,495,43,0.04901980462976,1
413,496,43,0.0504220778143402,1
413,497,43,0.0517844019000418,1
413,498,43,0.0563136035581635,1
413,499,43,0.0690925120498337,1
413,500,43,0.0999308298380352,1
413,501,43,0.128998961605967,1
414,474,43,0.0672420070302238,1
414,475,43,0.0691616918301204,1
414,476,43,0.0685376310592543,1
414,477,43,0.0656927117839063,1
414,478,43,0.0628805008144795,1
414,479,43,0.0644034659045878,1
414,480,43,0.0646658837833554,1
414,481,43,0.0616909428302335,1
414,482,43,0.0604597254892456,1
414,483,43,0.0641162988812737,1
414,484,43,0.0627906115848455,1
414,485,43,0.0560379544753282,1
414,486,43,0.0487048677076769,1
414,488,43,0.0479531597822566,1
414,489,43,0.0477587284107147,1
414,496,43,0.0495183162425371,1
414,497,43,0.0521049264660054,1
414,498,43,0.0565513444297989,1
414,499,43,0.0686376375612399,1
414,500,43,0.0963254018727257,1
414,501,43,0.121117564363887,1
414,502,43,0.107049746634164,1
415,473,43,0.065087508935421,1
415,474,43,0.0701064094188764,1
415,475,43,0.0661017669915351,1
415,476,43,0.0591562925851202,1
415,477,43,0.0541290482074141,1
415,478,43,0.051606024108901,1
415,479,43,0.0510078426354048,1
415,480,43,0.0515270156059197,1
415,481,43,0.0514123832431904,1
415,482,43,0.0500166685518578,1
415,483,43,0.0494629357484555,1
415,484,43,0.0478820172631565,1
415,496,43,0.0479320716114844,1
415,497,43,0.0509645962555488,1
415,498,43,0.0553072144916563,1
415,499,43,0.0625001202290238,1
415,500,43,0.0763768639826932,1
415,501,43,0.0937828826380056,1
415,502,43,0.103313244987123,1
416,473,43,0.0733502786524038,1
416,474,43,0.0721825242016216,1
416,475,43,0.0682552491510869,1
416,476,43,0.0625306283438096,1
416,477,43,0.0552966824291726,1
416,478,43,0.0500216790964241,1
416,479,43,0.0482994163650361,1
416,480,43,0.0490269251936938,1
416,481,43,0.0493485588724018,1
416,495,43,0.0492216150576368,1
416,496,43,0.0478304720749337,1
416,497,43,0.0494746610840003,1
416,498,43,0.0543000198906897,1
416,499,43,0.0600516200909047,1
416,500,43,0.0711719571765378,1
416,501,43,0.0925188848536822,1
416,502,43,0.12079525439692,1
416,503,43,0.12695700388888,1
417,472,43,0.0766222033286319,1
417,473,43,0.090647982980187,1
417,474,43,0.0913218726699615,1
417,475,43,0.0920127627436994,1
417,476,43,0.0791571721806583,1
417,477,43,0.0614055612079227,1
417,478,43,0.0509258584640848,1
417,479,43,0.0483044870241143,1
417,480,43,0.049025885212638,1
417,481,43,0.0496967331081107,1
417,494,43,0.0540262043004671,1
417,495,43,0.0577273586145154,1
417,496,43,0.0506883460275946,1
417,497,43,0.0497742988628066,1
417,498,43,0.054265291737169,1
417,499,43,0.059961772941429,1
417,500,43,0.0735848094091042,1
417,501,43,0.101365534801782,1
417,502,43,0.134687958553497,1
417,503,43,0.130569453229178,1
418,472,43,0.0856733327889363,1
418,473,43,0.112135133767774,1
418,474,43,0.129404746584149,1
418,475,43,0.137913066047862,1
418,476,43,0.100707154656076,1
418,477,43,0.0662393270291004,1
418,478,43,0.0520914608153413,1
418,479,43,0.0488646671089171,1
418,480,43,0.0495266421024344,1
418,481,43,0.0513257702544546,1
418,494,43,0.049630823557271,1
418,495,43,0.0541449424843587,1
418,496,43,0.0519666991573581,1
418,497,43,0.0543561608333468,1
418,498,43,0.060066901199828,1
418,499,43,0.0681703374030377,1
418,500,43,0.0912519594926297,1
418,501,43,0.132784685015347,1
418,502,43,0.166554793560033,1
418,503,43,0.14478794197151,1
419,472,43,0.0973615175653642,1
419,473,43,0.124641549188483,1
419,474,43,0.149154792367361,1
419,475,43,0.15171080129855,1
419,476,43,0.0996681234096105,1
419,477,43,0.06409611242818,1
419,478,43,0.0531150125749941,1
419,479,43,0.0500938706137567,1
419,480,43,0.0500171675023065,1
419,481,43,0.052833814922711,1
419,482,43,0.0477382834652198,1
419,496,43,0.0500993921316741,1
419,497,43,0.059362611601389,1
419,498,43,0.0699733158895447,1
419,499,43,0.0887256411188648,1
419,500,43,0.133021776650254,1
419,501,43,0.175423715934789,1
419,502,43,0.183994350101531,1
419,503,43,0.155511192648832,1
420,472,43,0.111068942784835,1
420,473,43,0.119689760546105,1
420,474,43,0.124887116969567,1
420,475,43,0.11811247598305,1
420,476,43,0.0882465525048803,1
420,477,43,0.0683285888555967,1
420,478,43,0.0581916169784157,1
420,479,43,0.0520236696802793,1
420,480,43,0.048037076635134,1
420,481,43,0.0486569354016188,1
420,482,43,0.0484849537945434,1
420,483,43,0.0501598102218524,1
420,484,43,0.0486502176049147,1
420,497,43,0.0574332243192729,1
420,498,43,0.0771437087422082,1
420,499,43,0.114735555300349,1
420,500,43,0.171823710298453,1
420,502,43,0.154048943215736,1
420,503,43,0.13496476183496,1
421,472,43,0.110030705049927,1
421,473,43,0.106519332249926,1
421,474,43,0.105904204495527,1
421,475,43,0.109628034003461,1
421,476,43,0.106475015831758,1
421,477,43,0.0874223043979585,1
421,478,43,0.066932747923789,1
421,479,43,0.0544279375605473,1
421,480,43,0.0476312014851843,1
421,482,43,0.0515190143643867,1
421,483,43,0.0600251636942205,1
421,484,43,0.0591503111911868,1
421,485,43,0.0475730797693603,1
421,497,43,0.0545328133379963,1
421,498,43,0.0795031011393479,1
421,499,43,0.117732371924349,1
421,500,43,0.151389873965357,1
421,501,43,0.143380637202284,1
421,502,43,0.114211981947564,1
421,503,43,0.107340592665606,1
422,475,43,0.129551594313802,1
422,476,43,0.136854209035375,1
422,477,43,0.107334605260222,1
422,478,43,0.075150594066034,1
422,479,43,0.0586922085533044,1
422,480,43,0.0516009324097436,1
422,481,43,0.0511825534413202,1
422,482,43,0.0581541656375062,1
422,483,43,0.0732087270112488,1
422,484,43,0.0747847852382612,1
422,485,43,0.0561131096380972,1
422,497,43,0.0555637892398679,1
422,498,43,0.0803805866580025,1
422,499,43,0.111508199523239,1
422,500,43,0.126954322781649,1
422,501,43,0.116937694145828,1
422,502,43,0.10177392874978,1
422,503,43,0.0955124192253327,1
423,476,43,0.142395420466866,1
423,477,43,0.106167614263741,1
423,478,43,0.0796500570751222,1
423,479,43,0.0686854406210974,1
423,480,43,0.062215183454101,1
423,481,43,0.0600606853592982,1
423,482,43,0.0666199360497013,1
423,483,43,0.0874240958104129,1
423,484,43,0.0906239491983321,1
423,485,43,0.0648157011698957,1
423,496,43,0.0476800715776279,1
423,497,43,0.0597349188078975,1
423,498,43,0.0839405981095765,1
423,499,43,0.111474775854626,1
423,500,43,0.127288920154847,1
423,501,43,0.119949936153579,1
423,502,43,0.109224220781269,1
423,503,43,0.100554391658453,1
424,477,43,0.108594148559214,1
424,478,43,0.097535861672757,1
424,479,43,0.101052915294132,1
424,480,43,0.0887128307163803,1
424,481,43,0.0766776529544022,1
424,482,43,0.0734158034703675,1
424,483,43,0.0848500645485583,1
424,484,43,0.0840191437308163,1
424,485,43,0.0634642968852796,1
424,486,43,0.0487291960506401,1
424,496,43,0.0530834765020549,1
424,497,43,0.0684390252253958,1
424,498,43,0.09308730363234,1
424,499,43,0.119106349208181,1
424,502,43,0.123087192300264,1
424,503,43,0.112673567427899,1
425,477,43,0.12546966265852,1
425,478,43,0.136099014468265,1
425,479,43,0.158814521146073,1
425,480,43,0.132244652309205,1
425,481,43,0.101997975535606,1
425,482,43,0.0814468978699649,1
425,483,43,0.0729707637159194,1
425,484,43,0.0666423166824792,1
425,485,43,0.058183910297991,1
425,486,43,0.0515177519596369,1
425,494,43,0.0478715002293008,1
425,495,43,0.0507045288541962,1
425,496,43,0.0588142410124477,1
425,497,43,0.0745310899751693,1
425,498,43,0.0970685795489084,1
425,499,43,0.123008634656122,1
426,478,43,0.159222975208583,1
426,479,43,0.184195000319328,1
426,480,43,0.15894284158316,1
426,481,43,0.131180252738721,1
426,482,43,0.108306416459488,1
426,483,43,0.083776707915802,1
426,484,43,0.0684886738007684,1
426,485,43,0.0620646206476132,1
426,486,43,0.0579680150399776,1
426,487,43,0.0530646366140275,1
426,488,43,0.0484577760237165,1
426,492,43,0.0472711967135348,1
426,493,43,0.0505855742580619,1
426,494,43,0.0525025599163745,1
426,495,43,0.054755387318281,1
426,496,43,0.0619953807528145,1
426,497,43,0.0755627331481229,1
426,498,43,0.0972666809114014,1
427,478,43,0.145252026003326,1
427,479,43,0.155695082940713,1
427,480,43,0.153847980402477,1
427,481,43,0.155609215371925,1
427,482,43,0.159975789241022,1
427,483,43,0.125316082103535,1
427,484,43,0.0875411207307155,1
427,485,43,0.0729364503525307,1
427,486,43,0.0673067383366305,1
427,487,43,0.0602953543793759,1
427,488,43,0.0534876083311596,1
427,489,43,0.0487210505342785,1
427,491,43,0.0477229662875894,1
427,492,43,0.0521538476557841,1
427,493,43,0.0570042411509515,1
427,494,43,0.0585607381157938,1
427,495,43,0.0585668818189093,1
427,496,43,0.063653964181754,1
427,497,43,0.0785603312607773,1
427,498,43,0.105341761099351,1
428,476,43,0.136748491654759,1
428,477,43,0.138303593962926,1
428,478,43,0.13660231720764,1
428,483,43,0.180954275074773,1
428,484,43,0.119624824850358,1
428,485,43,0.0924277332192985,1
428,486,43,0.0857137898554405,1
428,487,43,0.0774530700433132,1
428,488,43,0.0661667447674405,1
428,489,43,0.056112977386171,1
428,490,43,0.05077945558182,1
428,491,43,0.0518930769146424,1
428,492,43,0.0583009652755495,1
428,493,43,0.0672812678179413,1
428,494,43,0.069931698612961,1
428,495,43,0.0670681979419869,1
428,496,43,0.0689554209054611,1
428,497,43,0.0857627952055358,1
428,498,43,0.117229862696531,1
428,499,43,0.138712685239262,1
428,500,43,0.13702583596683,1
428,501,43,0.129648450815364,1
429,477,43,0.12732087702937,1
429,486,43,0.141603219406234,1
429,487,43,0.12183678640708,1
429,488,43,0.0926246683602608,1
429,489,43,0.0674091975107013,1
429,490,43,0.0565824236324478,1
429,491,43,0.0567604407365172,1
429,492,43,0.0650635833596875,1
429,493,43,0.0795566271007377,1
429,494,43,0.0842163553985332,1
429,495,43,0.0795189112559759,1
429,496,43,0.0782330498236769,1
429,497,43,0.0926049327660062,1
429,498,43,0.119590331143434,1
429,499,43,0.12999511918255,1
429,500,43,0.123046771302467,1
430,488,43,0.124557364826028,1
430,489,43,0.082151223537111,1
430,490,43,0.0640027004881491,1
430,491,43,0.062183208545225,1
430,492,43,0.0709289683080141,1
430,493,43,0.086334021331899,1
430,494,43,0.0913977912870315,1
430,495,43,0.0885829172447278,1
430,496,43,0.0867786162389591,1
430,497,43,0.0945083325446309,1
430,498,43,0.112876742455196,1
431,483,43,0.139934248189639,1
431,487,43,0.169862895149519,1
431,488,43,0.133013324549882,1
431,489,43,0.0926022516587758,1
431,490,43,0.0719318046068684,1
431,491,43,0.0680777730776245,1
431,492,43,0.0750096856501562,1
431,493,43,0.0867918354201244,1
431,494,43,0.0906076701885114,1
431,495,43,0.0916509515309675,1
431,496,43,0.0945722643280294,1
431,497,43,0.104180444912793,1
432,483,43,0.112998462318877,1
432,484,43,0.126113068279313,1
432,486,43,0.132461545468116,1
432,487,43,0.133133902237837,1
432,488,43,0.126459760692304,1
432,489,43,0.0983197909765521,1
432,490,43,0.080658465989229,1
432,491,43,0.0807558935786544,1
432,492,43,0.0934355830684448,1
432,493,43,0.103114602594023,1
432,494,43,0.100874218896078,1
432,495,43,0.0996855626295107,1
432,496,43,0.108558043783371,1
433,483,43,0.103988054428929,1
433,484,43,0.10179252817976,1
433,485,43,0.100729204659038,1
433,486,43,0.101356469533388,1
433,487,43,0.106624544668641,1
433,488,43,0.105901823960856,1
433,489,43,0.0922188653477254,1
433,490,43,0.0886183848067448,1
433,491,43,0.105014750177554,1
433,492,43,0.122331588954473,1
433,493,43,0.120127285986567,1
433,494,43,0.105894477967502,1
433,495,43,0.100836256581818,1
433,496,43,0.112603930777322,1
434,486,43,0.0996011017403007,1
434,487,43,0.100729439105635,1
434,488,43,0.0969906951872995,1
434,489,43,0.0929673391124059,1
434,490,43,0.103773613942104,1
434,491,43,0.129376853450631,1
434,492,43,0.130207732188214,1
434,493,43,0.111088035153812,1
434,494,43,0.0971939002718522,1
434,495,43,0.0956346320280116,1
435,489,43,0.0971474557999635,1
435,490,43,0.112526479240199,1
435,491,43,0.131293207906568,1
435,492,43,0.11956342388791,1
435,493,43,0.103421655497871,1
408,482,44,0.106463726326424,1
408,483,44,0.0920783717219797,1
408,484,44,0.077159578973348,1
408,485,44,0.070136911522211,1
408,486,44,0.0719753816165398,1
408,487,44,0.0800106539747138,1
408,488,44,0.0877551824961161,1
408,489,44,0.111256788611599,1
408,490,44,0.152573336338097,1
408,491,44,0.164449403009996,1
409,480,44,0.116252641191195,1
409,481,44,0.143280366196446,1
409,482,44,0.156956573949891,1
409,483,44,0.12274847107155,1
409,484,44,0.0871096548330529,1
409,485,44,0.0733457400067559,1
409,486,44,0.0714604286847599,1
409,487,44,0.072727245839691,1
409,488,44,0.0754660088984867,1
409,489,44,0.100817344556376,1
409,490,44,0.17144001139194,1
409,491,44,0.237047486809433,1
409,492,44,0.195697635643346,1
409,493,44,0.112490458624672,1
409,494,44,0.0796618395194532,1
409,495,44,0.0732379546869313,1
410,478,44,0.09438767670781,1
410,479,44,0.11079546984733,1
410,480,44,0.118607050095298,1
410,481,44,0.140544085866992,1
410,482,44,0.150305059506634,1
410,483,44,0.118147642972508,1
410,484,44,0.0865357235536545,1
410,485,44,0.0744061119049433,1
410,486,44,0.0710548781531745,1
410,487,44,0.0657901033046246,1
410,488,44,0.0616953251781506,1
410,489,44,0.0699289453683163,1
410,490,44,0.10371506240752,1
410,491,44,0.158413268802088,1
410,492,44,0.163388273668959,1
410,493,44,0.109985703326324,1
410,494,44,0.077131667805476,1
410,495,44,0.0683190366596568,1
410,496,44,0.0699668595909674,1
411,477,44,0.0767017288164155,1
411,478,44,0.107097934426898,1
411,479,44,0.136874022778495,1
411,480,44,0.125989160247399,1
411,481,44,0.121625087141996,1
411,482,44,0.124474454891224,1
411,483,44,0.118722433889426,1
411,484,44,0.0986671747064296,1
411,485,44,0.0815330058968008,1
411,486,44,0.0762992080562295,1
411,487,44,0.0701132985419393,1
411,488,44,0.0675346023939618,1
411,489,44,0.0671624635080867,1
411,490,44,0.0619651191075275,1
411,491,44,0.0709380395878588,1
411,492,44,0.0823509600143275,1
411,493,44,0.0741773821986407,1
411,494,44,0.0668139917055439,1
411,495,44,0.0654085625090893,1
411,496,44,0.0665507622808658,1
411,497,44,0.065885372783073,1
411,498,44,0.0645104036097947,1
412,476,44,0.0704085088869447,1
412,477,44,0.0819990977533139,1
412,478,44,0.111942214276206,1
412,479,44,0.143128589076818,1
412,480,44,0.127796791597126,1
412,481,44,0.106509160874513,1
412,482,44,0.108074807268066,1
412,483,44,0.12988690103824,1
412,484,44,0.117672209320846,1
412,485,44,0.0881380939025225,1
412,486,44,0.0778458702869261,1
412,487,44,0.076851456031188,1
412,488,44,0.0868823618635845,1
412,489,44,0.0900229663885817,1
412,490,44,0.0645292675436268,1
412,491,44,0.0497302499542168,1
412,492,44,0.0477566574657799,1
412,493,44,0.0509084853701477,1
412,494,44,0.0566042331773626,1
412,495,44,0.0614763580685794,1
412,496,44,0.0613040819003957,1
412,497,44,0.05861561064225,1
412,498,44,0.0600175952771731,1
412,499,44,0.0660951844524828,1
413,475,44,0.0686244484373305,1
413,476,44,0.0752665128793178,1
413,477,44,0.0794853312896323,1
413,478,44,0.0883127806626331,1
413,479,44,0.102335927298567,1
413,480,44,0.0985092959638443,1
413,481,44,0.0842459798299942,1
413,482,44,0.0842304161828651,1
413,483,44,0.105466258253482,1
413,484,44,0.101708680458571,1
413,485,44,0.0807511685780196,1
413,486,44,0.0722555272648647,1
413,487,44,0.0724740555384991,1
413,488,44,0.0800672758334661,1
413,489,44,0.0814839825123519,1
413,490,44,0.0619317856106826,1
413,491,44,0.0497427267211602,1
413,494,44,0.04940000487168,1
413,495,44,0.0544304082669861,1
413,496,44,0.0555693919123763,1
413,497,44,0.0552709534180823,1
413,498,44,0.0591753428739392,1
413,499,44,0.0690922896261397,1
413,500,44,0.0902476804454899,1
414,474,44,0.0661541628001013,1
414,475,44,0.0689794005842553,1
414,476,44,0.0668863154748027,1
414,477,44,0.0647616281664478,1
414,478,44,0.0640284054534346,1
414,479,44,0.0664569235278004,1
414,480,44,0.0673618813783902,1
414,481,44,0.0635456739000295,1
414,482,44,0.0618770273017991,1
414,483,44,0.067788369794468,1
414,484,44,0.0680802437840633,1
414,485,44,0.0634554299947753,1
414,486,44,0.0603239508526835,1
414,487,44,0.0575065039092708,1
414,488,44,0.0561447659400602,1
414,489,44,0.0543831342148333,1
414,490,44,0.0476999394238087,1
414,495,44,0.0491661113288058,1
414,496,44,0.0532846497161056,1
414,497,44,0.0550970361237239,1
414,498,44,0.0584606895336499,1
414,499,44,0.0674988462822877,1
414,500,44,0.0840084794164064,1
414,501,44,0.102716452158852,1
415,474,44,0.067713593353124,1
415,475,44,0.0649026988915076,1
415,476,44,0.0597959470603715,1
415,477,44,0.0560303018979642,1
415,478,44,0.0534413381913554,1
415,479,44,0.0525668884555514,1
415,480,44,0.0533532043054687,1
415,481,44,0.0535684262809489,1
415,482,44,0.0518416729955225,1
415,483,44,0.0513389413440104,1
415,484,44,0.0509002196247623,1
415,485,44,0.0500668100662279,1
415,486,44,0.0480481617511271,1
415,495,44,0.0481777325700618,1
415,496,44,0.0524540715510814,1
415,497,44,0.0542783185518962,1
415,498,44,0.0574861311011901,1
415,499,44,0.0641678951668317,1
415,500,44,0.0756544318245649,1
415,501,44,0.0887209401640347,1
415,502,44,0.0938269585981257,1
416,473,44,0.0660725633616574,1
416,474,44,0.0689307018181706,1
416,475,44,0.0658524600878114,1
416,476,44,0.0626505808408414,1
416,477,44,0.0578793160776791,1
416,478,44,0.0532179165964529,1
416,479,44,0.0510877708904181,1
416,480,44,0.0516667397659131,1
416,481,44,0.0520375861897826,1
416,482,44,0.0493231424567733,1
416,494,44,0.0483804717671474,1
416,495,44,0.0528765863979231,1
416,496,44,0.052389382324833,1
416,497,44,0.0530071190490481,1
416,498,44,0.057559633114882,1
416,499,44,0.063318218621379,1
416,500,44,0.0762317896311412,1
416,501,44,0.0972368581020512,1
416,502,44,0.113995978483429,1
417,473,44,0.0775061812145709,1
417,474,44,0.0806640927075422,1
417,475,44,0.079961125628365,1
417,476,44,0.0745794761457922,1
417,477,44,0.0636502010133095,1
417,478,44,0.0554816427593657,1
417,479,44,0.0522196910806608,1
417,480,44,0.0517452012268362,1
417,481,44,0.0517493671625104,1
417,482,44,0.0478605563824106,1
417,494,44,0.0588119807068005,1
417,495,44,0.062459134154815,1
417,496,44,0.0547420479080919,1
417,497,44,0.0531833868208214,1
417,498,44,0.0573171612311606,1
417,499,44,0.0632805268224219,1
417,500,44,0.0797084643348776,1
417,501,44,0.107060879841767,1
417,502,44,0.12880154554891,1
417,503,44,0.119228790446005,1
418,473,44,0.0859555103077632,1
418,474,44,0.0956102014903782,1
418,475,44,0.100980152688937,1
418,476,44,0.087196977173029,1
418,477,44,0.0673109703982678,1
418,478,44,0.0564967784873534,1
418,479,44,0.0531266687788502,1
418,480,44,0.0528949814385624,1
418,481,44,0.0545053470175123,1
418,482,44,0.0491393122794038,1
418,494,44,0.0556746824799573,1
418,495,44,0.0600182865940599,1
418,496,44,0.0582043552434859,1
418,497,44,0.0619116712950032,1
418,498,44,0.0649786175085776,1
418,499,44,0.0722474659088198,1
418,500,44,0.0978897738386261,1
418,501,44,0.136283313538827,1
418,502,44,0.159363631143511,1
418,503,44,0.136425676725892,1
419,473,44,0.0891283662683912,1
419,474,44,0.101033895062569,1
419,475,44,0.106958384598989,1
419,476,44,0.0864878423449315,1
419,477,44,0.065474183510272,1
419,478,44,0.056921703926122,1
419,479,44,0.0546201176436189,1
419,480,44,0.0552971813796213,1
419,481,44,0.0582146829166292,1
419,482,44,0.0523133074100321,1
419,495,44,0.0496859605875794,1
419,496,44,0.0582705713783363,1
419,497,44,0.0713027663544175,1
419,498,44,0.0787873416920398,1
419,499,44,0.0965069236528386,1
419,500,44,0.143375527468773,1
419,502,44,0.176670875644331,1
419,503,44,0.146105086995798,1
420,473,44,0.0979913974209816,1
420,474,44,0.10077586554317,1
420,475,44,0.101640005640184,1
420,476,44,0.0881698704335093,1
420,477,44,0.0721607447139627,1
420,478,44,0.0630559810861471,1
420,479,44,0.0575202821553967,1
420,480,44,0.0543313455628373,1
420,481,44,0.0542567374421266,1
420,482,44,0.0535823247560986,1
420,483,44,0.0566747174425575,1
420,484,44,0.0559328743085388,1
420,496,44,0.0519807779760435,1
420,497,44,0.0652211855755181,1
420,498,44,0.088220186279964,1
420,499,44,0.135682084259578,1
420,503,44,0.131786134881191,1
421,473,44,0.101365799305634,1
421,474,44,0.101707706603478,1
421,475,44,0.111960080309141,1
421,476,44,0.111693773021453,1
421,477,44,0.0898859053014651,1
421,478,44,0.0713762984253653,1
421,479,44,0.0601696369006535,1
421,480,44,0.053766148922017,1
421,481,44,0.0526133389388913,1
421,482,44,0.0601234990127754,1
421,483,44,0.0764941774526528,1
421,484,44,0.0769786403040005,1
421,485,44,0.0557270422198164,1
421,496,44,0.0493417569153811,1
421,497,44,0.0603613240447275,1
421,498,44,0.0950134206850092,1
421,499,44,0.151756067526006,1
421,502,44,0.122411829804948,1
421,503,44,0.109026732586798,1
422,476,44,0.134052391865054,1
422,477,44,0.102527512247971,1
422,478,44,0.0775207950524122,1
422,479,44,0.0643240065427673,1
422,480,44,0.0571191861091426,1
422,481,44,0.0565194777270443,1
422,482,44,0.0687007998788861,1
422,483,44,0.093814454779652,1
422,484,44,0.096045863380971,1
422,485,44,0.0666551871994755,1
422,496,44,0.0513200713987272,1
422,497,44,0.0631325789972015,1
422,498,44,0.0984784692421455,1
422,499,44,0.144246622814813,1
422,501,44,0.130913163962379,1
422,502,44,0.110271740196814,1
422,503,44,0.0994745546813142,1
423,477,44,0.0965672305311699,1
423,478,44,0.0842198961432838,1
423,479,44,0.0786208425284491,1
423,480,44,0.0694990604823165,1
423,481,44,0.064576427378207,1
423,482,44,0.0742997753448553,1
423,483,44,0.10288106973822,1
423,484,44,0.107370409463505,1
423,485,44,0.0747548902914967,1
423,486,44,0.0513284453502339,1
423,495,44,0.047694249585258,1
423,496,44,0.0546512990409379,1
423,497,44,0.0688038421637223,1
423,498,44,0.102196377470658,1
423,499,44,0.138284188998486,1
423,502,44,0.124466652027581,1
423,503,44,0.108650572040077,1
424,477,44,0.107865488537653,1
424,478,44,0.106864786303971,1
424,479,44,0.111210320093906,1
424,480,44,0.0971543569459289,1
424,481,44,0.0822912542811151,1
424,482,44,0.0792558862206381,1
424,483,44,0.0950983685017655,1
424,484,44,0.0954434197885816,1
424,485,44,0.0726877265595724,1
424,486,44,0.0563890653049431,1
424,487,44,0.0481619344763362,1
424,494,44,0.0489558758520871,1
424,495,44,0.0515665288745871,1
424,496,44,0.0616415948274204,1
424,497,44,0.0851649864420135,1
424,498,44,0.12143823921613,1
425,478,44,0.137823351150313,1
425,479,44,0.144515683347145,1
425,480,44,0.132771748372388,1
425,481,44,0.117766288531959,1
425,482,44,0.0951885883612149,1
425,483,44,0.0831181293922067,1
425,484,44,0.0747890172998985,1
425,485,44,0.0674368020945627,1
425,486,44,0.0609159164856498,1
425,487,44,0.0540338268205752,1
425,488,44,0.0493453878318994,1
425,492,44,0.0476897590312195,1
425,493,44,0.0509383322253026,1
425,494,44,0.0538851516097608,1
425,495,44,0.0571316298131045,1
425,496,44,0.0705508780854615,1
425,497,44,0.100872824239402,1
426,479,44,0.153014937542465,1
426,480,44,0.156431341436577,1
426,481,44,0.163157602263922,1
426,482,44,0.135808601261308,1
426,483,44,0.0992379920541119,1
426,484,44,0.0799665058771794,1
426,485,44,0.0744643087639071,1
426,486,44,0.0679206698122427,1
426,487,44,0.0600541088316971,1
426,488,44,0.0540263125065885,1
426,489,44,0.0494075221913923,1
426,491,44,0.0477901081859229,1
426,492,44,0.0513014419114914,1
426,493,44,0.0560493341524296,1
426,494,44,0.0595289123870905,1
426,495,44,0.0621613509087006,1
426,496,44,0.0745637321551274,1
426,497,44,0.10069736801354,1
427,483,44,0.146471004029692,1
427,484,44,0.109329637589325,1
427,485,44,0.0929294068554012,1
427,486,44,0.0799599594068342,1
427,487,44,0.0680367809919645,1
427,488,44,0.059822000689826,1
427,489,44,0.0543163650264735,1
427,490,44,0.0511920274883945,1
427,491,44,0.0518025564826335,1
427,492,44,0.0564485365915591,1
427,493,44,0.062941162368431,1
427,494,44,0.065904423071892,1
427,495,44,0.0662430541288378,1
427,496,44,0.0761304545984428,1
427,497,44,0.101544904482369,1
428,484,44,0.14566823483787,1
428,485,44,0.117101963061027,1
428,486,44,0.102409711850465,1
428,487,44,0.0890049271296696,1
428,488,44,0.0745155924540033,1
428,489,44,0.0625309409392715,1
428,490,44,0.0567467286163544,1
428,491,44,0.0567334012290676,1
428,492,44,0.0633185793084503,1
428,493,44,0.0747880254104523,1
428,494,44,0.0784126840081163,1
428,495,44,0.0748382931652974,1
428,496,44,0.0802087012341461,1
428,497,44,0.104627841156107,1
428,498,44,0.138798324372905,1
429,488,44,0.11164209858703,1
429,489,44,0.0770464855421232,1
429,490,44,0.0630380789845053,1
429,491,44,0.0620215786570976,1
429,492,44,0.0730076018888076,1
429,493,44,0.0943641358649526,1
429,494,44,0.0984658932862574,1
429,495,44,0.0890136256995405,1
429,496,44,0.0892230586475254,1
429,497,44,0.106797229615506,1
429,498,44,0.130382352822362,1
429,499,44,0.134493151466255,1
429,500,44,0.126059842890483,1
430,489,44,0.0954375345778672,1
430,490,44,0.0708594699208143,1
430,491,44,0.0680091523622983,1
430,492,44,0.0820579198032014,1
430,493,44,0.10663161413524,1
430,494,44,0.108989978574226,1
430,495,44,0.0995107315945716,1
430,496,44,0.0993291737457516,1
430,497,44,0.107414425309114,1
430,498,44,0.118720305835705,1
431,483,44,0.132197342188345,1
431,488,44,0.14968575980511,1
431,489,44,0.102590392027411,1
431,490,44,0.0799965751560284,1
431,491,44,0.0758064253564358,1
431,492,44,0.0865195647728576,1
431,493,44,0.103318306629024,1
431,494,44,0.105214859364744,1
431,495,44,0.104038622756334,1
431,496,44,0.109439082069678,1
431,497,44,0.11532991950234,1
432,483,44,0.108581235962059,1
432,484,44,0.122190584355376,1
432,487,44,0.133196277055378,1
432,488,44,0.123694841809383,1
432,489,44,0.102086091387139,1
432,490,44,0.0875044989700701,1
432,491,44,0.0869994589213014,1
432,492,44,0.100209310314381,1
432,493,44,0.113861045450034,1
432,494,44,0.113312849193177,1
432,495,44,0.113042514233193,1
432,496,44,0.12417348557598,1
433,484,44,0.100858733397815,1
433,485,44,0.103175702983911,1
433,486,44,0.104993794258708,1
433,487,44,0.107526430667673,1
433,488,44,0.10527553895305,1
433,489,44,0.0946834761750319,1
433,490,44,0.0910869451574827,1
433,491,44,0.104628189820276,1
433,492,44,0.124563893262019,1
433,493,44,0.131457705256913,1
433,494,44,0.121299771449435,1
433,495,44,0.11504858358668,1
434,486,44,0.10179621921079,1
434,487,44,0.10240478246049,1
434,488,44,0.0988803768343102,1
434,489,44,0.094651441151644,1
434,490,44,0.1028718722179,1
434,491,44,0.127285385421548,1
434,492,44,0.136629020073823,1
434,493,44,0.124161198169749,1
434,494,44,0.108524355610906,1
434,495,44,0.103800184556361,1
435,490,44,0.114823514854152,1
435,491,44,0.135725703349407,1
435,492,44,0.131164069912119,1
408,483,45,0.090604417993418,1
408,484,45,0.0798925890733555,1
408,485,45,0.0751824427344351,1
408,486,45,0.0797873586202864,1
408,487,45,0.0882615270297929,1
408,488,45,0.0891589946122008,1
408,489,45,0.105062457054193,1
408,490,45,0.139885831961761,1
408,491,45,0.154461761591809,1
409,481,45,0.159290988767339,1
409,482,45,0.159325434382654,1
409,483,45,0.121615565003313,1
409,484,45,0.0894926421761107,1
409,485,45,0.0770418927934146,1
409,486,45,0.0778249203795313,1
409,487,45,0.0804367937266227,1
409,488,45,0.0803956573661341,1
409,489,45,0.100737548553289,1
409,490,45,0.157385767519004,1
409,491,45,0.209540697236002,1
409,492,45,0.182075879614775,1
409,493,45,0.118189650993419,1
409,494,45,0.0861889229345423,1
410,479,45,0.130064936176663,1
410,480,45,0.140144204133878,1
410,481,45,0.166868831770164,1
410,482,45,0.181049376232588,1
410,483,45,0.14729326234627,1
410,484,45,0.107085683089374,1
410,485,45,0.0807194221042888,1
410,486,45,0.0710629996237312,1
410,487,45,0.0674467450348299,1
410,488,45,0.0668153202362568,1
410,489,45,0.0755332950716488,1
410,490,45,0.102546243929877,1
410,491,45,0.143851021234946,1
410,492,45,0.151007437463595,1
410,493,45,0.112267337602329,1
410,494,45,0.0832894136709441,1
410,495,45,0.0721037020536272,1
410,496,45,0.0697402519269346,1
411,478,45,0.118746443625476,1
411,479,45,0.156987172236445,1
411,480,45,0.141646826473161,1
411,481,45,0.138078405001373,1
411,482,45,0.151459029699839,1
411,483,45,0.154210074153415,1
411,484,45,0.132005721170234,1
411,485,45,0.0914419934876266,1
411,486,45,0.0700398806885641,1
411,487,45,0.0651109776408642,1
411,488,45,0.0659648561906982,1
411,489,45,0.0679409764943602,1
411,490,45,0.0660050247075453,1
411,491,45,0.0726033498306791,1
411,492,45,0.0810201750072907,1
411,493,45,0.0756961633187212,1
411,494,45,0.0716613794751166,1
411,495,45,0.0716102941629097,1
411,496,45,0.0707517086467944,1
411,497,45,0.0695692081062448,1
412,477,45,0.0801789024706006,1
412,478,45,0.115808851818594,1
412,479,45,0.154024164013933,1
412,480,45,0.133477192169455,1
412,481,45,0.107567741360246,1
412,482,45,0.10906960625668,1
412,483,45,0.135916542878864,1
412,484,45,0.135972064642048,1
412,485,45,0.0963166552112453,1
412,486,45,0.0756265807712048,1
412,487,45,0.0751320126704078,1
412,488,45,0.081605660295875,1
412,489,45,0.0859266974222128,1
412,490,45,0.0682235387460632,1
412,491,45,0.0545815301384346,1
412,492,45,0.0505134248208876,1
412,493,45,0.0522247587340134,1
412,494,45,0.0604638132760543,1
412,495,45,0.0687744642017601,1
412,496,45,0.0678251779101002,1
412,497,45,0.0641356737884569,1
412,498,45,0.0663542299071332,1
412,499,45,0.0727727044335847,1
413,476,45,0.067462561162909,1
413,477,45,0.0715024367056709,1
413,478,45,0.0846564717744573,1
413,479,45,0.102017416568752,1
413,480,45,0.0984073537745758,1
413,481,45,0.0836226524561732,1
413,482,45,0.0823373741346396,1
413,483,45,0.105845304296774,1
413,484,45,0.112347614521512,1
413,485,45,0.0914027387113603,1
413,486,45,0.0827642352606912,1
413,487,45,0.0833520590037881,1
413,488,45,0.0855322921211324,1
413,489,45,0.086889491444695,1
413,490,45,0.0683630164365579,1
413,491,45,0.0539057708873402,1
413,494,45,0.0510900612533212,1
413,495,45,0.0583476802627418,1
413,496,45,0.0595027866202217,1
413,497,45,0.0586560496744006,1
413,498,45,0.0627664034709061,1
413,499,45,0.0721149915589607,1
413,500,45,0.0876431651146542,1
414,475,45,0.0659526168760768,1
414,476,45,0.0644003038812622,1
414,477,45,0.0621105180774437,1
414,478,45,0.0630580550368074,1
414,479,45,0.0669332889543961,1
414,480,45,0.0692890504350175,1
414,481,45,0.0663773559598585,1
414,482,45,0.0659811652577749,1
414,483,45,0.0746198009603702,1
414,484,45,0.078117984636462,1
414,485,45,0.075259725950925,1
414,486,45,0.0749735568285084,1
414,487,45,0.0723868654504491,1
414,488,45,0.067270080507278,1
414,489,45,0.0634290397240542,1
414,490,45,0.0531384632460836,1
414,495,45,0.0505940323698853,1
414,496,45,0.0547150384578983,1
414,497,45,0.0566727216407626,1
414,498,45,0.0605978866719298,1
414,499,45,0.0689717780641473,1
414,500,45,0.0811354265494924,1
414,501,45,0.0961821249450794,1
415,474,45,0.0644543828961614,1
415,475,45,0.0646775820673698,1
415,476,45,0.061940339905725,1
415,477,45,0.0578998632178442,1
415,478,45,0.0550334950846528,1
415,479,45,0.0547952793083734,1
415,480,45,0.0561523343571075,1
415,481,45,0.0570478602407812,1
415,482,45,0.0561314145069687,1
415,483,45,0.0564845692299879,1
415,484,45,0.0565463549253118,1
415,485,45,0.058504002039469,1
415,486,45,0.0594837844230123,1
415,487,45,0.057046201080253,1
415,488,45,0.0515262461401674,1
415,489,45,0.0475676273831316,1
415,495,45,0.0510391142044917,1
415,496,45,0.0544787824147066,1
415,497,45,0.0560508189808734,1
415,498,45,0.0604546458129906,1
415,499,45,0.0679016255348749,1
415,500,45,0.0781362233793705,1
415,501,45,0.0882802166315406,1
415,502,45,0.0908642329138206,1
416,474,45,0.0681208751826519,1
416,475,45,0.0660243635460214,1
416,476,45,0.063044072401341,1
416,477,45,0.0589560511460038,1
416,478,45,0.0553044251783045,1
416,479,45,0.0535754897360963,1
416,480,45,0.0540829283538896,1
416,481,45,0.0551782688636453,1
416,482,45,0.0531041859514021,1
416,483,45,0.0500591364487847,1
416,486,45,0.0480845400479993,1
416,487,45,0.0477882987391149,1
416,494,45,0.0510289428290793,1
416,495,45,0.0565993999706064,1
416,496,45,0.0557990233363573,1
416,497,45,0.0557626480452107,1
416,498,45,0.0612361464905052,1
416,499,45,0.0690730409594315,1
416,500,45,0.0825189379949108,1
416,501,45,0.099111781636392,1
416,502,45,0.105287141053845,1
417,474,45,0.0751315317543127,1
417,475,45,0.0725686878031214,1
417,476,45,0.0680533906316006,1
417,477,45,0.0619202556473015,1
417,478,45,0.0575222418884844,1
417,479,45,0.0548457935327173,1
417,480,45,0.0537924430095191,1
417,481,45,0.0549228843827692,1
417,482,45,0.0526789178599157,1
417,483,45,0.0476495634628421,1
417,494,45,0.0594686716347223,1
417,495,45,0.0644412839440198,1
417,496,45,0.0584378700649352,1
417,497,45,0.0570048963991311,1
417,498,45,0.0608638452954479,1
417,499,45,0.0692511662696223,1
417,500,45,0.0879830164961915,1
417,501,45,0.110911983794282,1
417,502,45,0.119516498499927,1
418,473,45,0.0738146151651697,1
418,474,45,0.0785784678090155,1
418,475,45,0.0780182246039752,1
418,476,45,0.0728204714247351,1
418,477,45,0.0644442776467121,1
418,478,45,0.0589685489530264,1
418,479,45,0.0560162050449253,1
418,480,45,0.0547026308226435,1
418,481,45,0.0568806817832061,1
418,482,45,0.0539097564794787,1
418,483,45,0.0473180018724949,1
418,494,45,0.0577958831466225,1
418,495,45,0.0629247090265258,1
418,496,45,0.0633295021152614,1
418,497,45,0.0685046822952856,1
418,498,45,0.0689282972376949,1
418,499,45,0.0775400256847668,1
418,500,45,0.104225663048639,1
418,501,45,0.135043620051662,1
418,502,45,0.145427572400956,1
418,503,45,0.126914551020581,1
419,473,45,0.0768659255942007,1
419,474,45,0.0798033911606083,1
419,475,45,0.0797637636743682,1
419,476,45,0.0734702191265333,1
419,477,45,0.0640462835092717,1
419,478,45,0.059019910791988,1
419,479,45,0.0577415576622245,1
419,480,45,0.0576493299780779,1
419,481,45,0.0593226474738824,1
419,482,45,0.0544287310721043,1
419,483,45,0.0484886628599272,1
419,494,45,0.0491009441921879,1
419,495,45,0.0541905333301785,1
419,496,45,0.0650879718171626,1
419,497,45,0.0805345519458635,1
419,498,45,0.0848186186473869,1
419,499,45,0.102474779798138,1
419,502,45,0.167301752439014,1
419,503,45,0.138892836408503,1
420,473,45,0.0873304794810415,1
420,474,45,0.0881525153739257,1
420,475,45,0.0890557539494753,1
420,476,45,0.0838323739538151,1
420,477,45,0.0721390854553275,1
420,478,45,0.0651182334624497,1
420,479,45,0.0618844273982131,1
420,480,45,0.0595270368143195,1
420,481,45,0.0583536376108704,1
420,482,45,0.0580903721174851,1
420,483,45,0.06194926089929,1
420,484,45,0.0615387930006317,1
420,485,45,0.0485402591454852,1
420,495,45,0.049009912786828,1
420,496,45,0.0572249515813675,1
420,497,45,0.0716509195500472,1
420,498,45,0.0957270941587546,1
420,503,45,0.131855302638575,1
421,474,45,0.0976790243828308,1
421,475,45,0.107206381006353,1
421,476,45,0.107477220928237,1
421,477,45,0.0874379642283066,1
421,478,45,0.07272648238539,1
421,479,45,0.0648978416389467,1
421,480,45,0.0600908868900734,1
421,481,45,0.0598893830462072,1
421,482,45,0.0710910189977247,1
421,483,45,0.0943287524632522,1
421,484,45,0.0962283950848836,1
421,485,45,0.0644623781262432,1
421,495,45,0.0486777350227339,1
421,496,45,0.0546622759508096,1
421,497,45,0.0672212615121695,1
421,498,45,0.106855143936264,1
421,503,45,0.112097706472669,1
422,476,45,0.122085684532122,1
422,477,45,0.0950125129558796,1
422,478,45,0.0772548424403453,1
422,479,45,0.0685234861146058,1
422,480,45,0.0632593244340772,1
422,481,45,0.0652433257502483,1
422,482,45,0.0844724372077473,1
422,483,45,0.118014934176052,1
422,484,45,0.12050593527408,1
422,485,45,0.0790974303787387,1
422,486,45,0.051511722474094,1
422,494,45,0.0489226595785405,1
422,495,45,0.0511498271010455,1
422,496,45,0.0588494621049659,1
422,497,45,0.0732337346481964,1
422,498,45,0.113747717572212,1
422,502,45,0.122127884919472,1
422,503,45,0.106587057259024,1
423,477,45,0.094253777644019,1
423,478,45,0.0891788985270887,1
423,479,45,0.0864403098003775,1
423,480,45,0.0767393003863488,1
423,481,45,0.0723630300464834,1
423,482,45,0.085344752878379,1
423,483,45,0.112895834824173,1
423,484,45,0.116001999745307,1
423,485,45,0.082660050800129,1
423,486,45,0.0591935816168476,1
423,487,45,0.0490839708597549,1
423,493,45,0.0491003069783619,1
423,494,45,0.0506794130111272,1
423,495,45,0.0531336120049738,1
423,496,45,0.0628369658849664,1
423,497,45,0.079767502797008,1
423,498,45,0.116466696945144,1
423,503,45,0.12216937595558,1
424,478,45,0.122877693226316,1
424,479,45,0.123917866648507,1
424,480,45,0.107306519760265,1
424,481,45,0.0908345603907501,1
424,482,45,0.087270040350784,1
424,483,45,0.0977172692352972,1
424,484,45,0.0967844062282866,1
424,485,45,0.078203172911266,1
424,486,45,0.065284943026832,1
424,487,45,0.0566372059871361,1
424,488,45,0.053334767184671,1
424,489,45,0.0495500236418352,1
424,491,45,0.0478125789904686,1
424,492,45,0.0505473835086561,1
424,493,45,0.0534245482081836,1
424,494,45,0.05524678137285,1
424,495,45,0.057255766280164,1
424,496,45,0.0706937342115246,1
424,497,45,0.101996304352175,1
425,479,45,0.139557799093262,1
425,480,45,0.136453389515875,1
425,481,45,0.133260395193763,1
425,482,45,0.109689867790394,1
425,483,45,0.092315283013351,1
425,484,45,0.082627156139221,1
425,485,45,0.0767976174743364,1
425,486,45,0.0706801483318367,1
425,487,45,0.0621737946126625,1
425,488,45,0.0585475369689821,1
425,489,45,0.0542248346706648,1
425,490,45,0.0499418500303554,1
425,491,45,0.0502452269318015,1
425,492,45,0.053643268848256,1
425,493,45,0.0578077918314285,1
425,494,45,0.0608661176239975,1
425,495,45,0.0630856956893759,1
425,496,45,0.0824076179417868,1
426,479,45,0.131218978507283,1
426,483,45,0.115988293636595,1
426,484,45,0.0961948331528936,1
426,485,45,0.0910086880859001,1
426,486,45,0.0795734531526166,1
426,487,45,0.0668400092662913,1
426,488,45,0.0611019528656059,1
426,489,45,0.0573263106598707,1
426,490,45,0.0535621563373584,1
426,491,45,0.0532613312969422,1
426,492,45,0.0572246209515521,1
426,493,45,0.0632841938076474,1
426,494,45,0.0676897278919024,1
426,495,45,0.0700181673268683,1
426,496,45,0.0887386378763361,1
427,484,45,0.132879762127357,1
427,485,45,0.118537269169893,1
427,486,45,0.0960826414393472,1
427,487,45,0.0763959924203776,1
427,488,45,0.0658772933926745,1
427,489,45,0.0608115697159056,1
427,490,45,0.057740078845232,1
427,491,45,0.0573667316576678,1
427,492,45,0.0621994574977897,1
427,493,45,0.0700832112287368,1
427,494,45,0.0750657604668503,1
427,495,45,0.0770174802901348,1
427,496,45,0.0917092686189552,1
428,486,45,0.125084184362455,1
428,487,45,0.1018538930735,1
428,488,45,0.0827419808683883,1
428,489,45,0.0697671351366533,1
428,490,45,0.0636454279210651,1
428,491,45,0.062998379360851,1
428,492,45,0.0703588603115721,1
428,493,45,0.0834039859191615,1
428,494,45,0.0884842512963574,1
428,495,45,0.0875053465846878,1
428,496,45,0.0973929514436332,1
428,497,45,0.129023680693258,1
429,488,45,0.130809237994218,1
429,489,45,0.0918428731216379,1
429,490,45,0.0722996332822408,1
429,491,45,0.0695297729864428,1
429,492,45,0.0840912090076739,1
429,493,45,0.108932088299273,1
429,494,45,0.11089307176884,1
429,495,45,0.100568013606848,1
429,496,45,0.1059839283612,1
429,497,45,0.126350833196753,1
429,498,45,0.143558912798755,1
430,489,45,0.124810603218829,1
430,490,45,0.0859681644125167,1
430,491,45,0.078455094796257,1
430,492,45,0.0985941175401257,1
430,493,45,0.130396287366219,1
430,494,45,0.129402594484623,1
430,495,45,0.115686049893698,1
430,496,45,0.12081850669012,1
430,497,45,0.129943144175567,1
430,498,45,0.13025325089662,1
430,499,45,0.127124194369357,1
431,489,45,0.128957987554661,1
431,490,45,0.0970207223859902,1
431,491,45,0.0893869007496905,1
431,492,45,0.10510879331996,1
431,493,45,0.126786783637003,1
431,494,45,0.127350946308219,1
431,495,45,0.123948488980866,1
431,496,45,0.131928173449892,1
432,482,45,0.125211687242181,1
432,483,45,0.114459593622052,1
432,484,45,0.123221019226641,1
432,488,45,0.128220358447926,1
432,489,45,0.111478551045973,1
432,490,45,0.0993021282268508,1
432,491,45,0.0989717088122296,1
432,492,45,0.113461536426893,1
432,493,45,0.129442967390811,1
432,494,45,0.130984050994804,1
432,495,45,0.131208326215775,1
433,484,45,0.105128366605032,1
433,485,45,0.110966579793983,1
433,486,45,0.115234205176504,1
433,487,45,0.114758519043893,1
433,488,45,0.109114307407724,1
433,489,45,0.098530750833139,1
433,490,45,0.0952264665151589,1
433,491,45,0.106525836640112,1
433,492,45,0.129495002512306,1
433,493,45,0.142864481980266,1
433,494,45,0.13609055034499,1
433,495,45,0.129376961656752,1
434,487,45,0.10861161783637,1
434,488,45,0.10533791377059,1
434,489,45,0.0996671435430666,1
434,490,45,0.10501589235328,1
434,491,45,0.127153806777916,1
434,494,45,0.122104909153026,1
408,483,46,0.0873894999088183,1
408,484,46,0.0803320381781975,1
408,485,46,0.0793950873843782,1
408,486,46,0.0870607877463348,1
408,487,46,0.0933003494624897,1
408,488,46,0.0895670579303834,1
408,489,46,0.0971383785086676,1
408,490,46,0.119713529824108,1
408,491,46,0.136514706318006,1
408,492,46,0.128276216852377,1
409,481,46,0.165772872080935,1
409,482,46,0.152826706982825,1
409,483,46,0.120630612771746,1
409,484,46,0.0955989300193982,1
409,485,46,0.0810870463903207,1
409,486,46,0.0835364843148254,1
409,487,46,0.0893890227919603,1
409,488,46,0.0923092715621617,1
409,489,46,0.105628964191372,1
409,490,46,0.135769574920187,1
409,491,46,0.163058244998665,1
409,492,46,0.15498581586069,1
409,493,46,0.121793443844005,1
409,494,46,0.0930881692813113,1
409,495,46,0.0752938409364244,1
410,479,46,0.152775874151568,1
410,480,46,0.169756035593177,1
410,481,46,0.189391262658673,1
410,482,46,0.198662952263114,1
410,483,46,0.180665905761221,1
410,484,46,0.142905504123182,1
410,485,46,0.0921151137116489,1
410,486,46,0.0729721824184001,1
410,487,46,0.0736214431926519,1
410,488,46,0.0824806029706764,1
410,489,46,0.093345255002874,1
410,490,46,0.10649534655968,1
410,491,46,0.123636675007675,1
410,492,46,0.125335739548924,1
410,493,46,0.106647965282475,1
410,494,46,0.0878243442420493,1
410,495,46,0.0750899565578873,1
410,496,46,0.0672787730656978,1
410,497,46,0.0687959791855667,1
411,478,46,0.133099180095768,1
411,479,46,0.170735842022525,1
411,480,46,0.160610249822446,1
411,481,46,0.153731598707451,1
411,482,46,0.169235419874377,1
411,483,46,0.190636594887054,1
411,484,46,0.17389068767539,1
411,485,46,0.105966362900824,1
411,486,46,0.0701021472999832,1
411,487,46,0.0652566892062422,1
411,488,46,0.0714130103577785,1
411,489,46,0.0779856485499803,1
411,490,46,0.0787376690708624,1
411,491,46,0.0798365082452103,1
411,492,46,0.0788502635516385,1
411,493,46,0.0750658566500693,1
411,494,46,0.0759615929345346,1
411,495,46,0.076958525988321,1
411,496,46,0.0723114578067302,1
411,497,46,0.0727231580528823,1
411,498,46,0.0799668004382877,1
412,477,46,0.0878922435832327,1
412,478,46,0.11805151986799,1
412,479,46,0.152204185143463,1
412,480,46,0.13359185458944,1
412,481,46,0.108110996204225,1
412,482,46,0.107997079204188,1
412,483,46,0.133985436321707,1
412,484,46,0.143976720679315,1
412,485,46,0.104196146823299,1
412,486,46,0.0792679992947846,1
412,487,46,0.0756088650245498,1
412,488,46,0.0774032351129537,1
412,489,46,0.0826498794247166,1
412,490,46,0.0751548561849272,1
412,491,46,0.0644965111460962,1
412,492,46,0.056071985300511,1
412,493,46,0.0547859495361276,1
412,494,46,0.0633540168132114,1
412,495,46,0.0738000554303891,1
412,496,46,0.0729103486314667,1
412,497,46,0.0702201460753784,1
412,498,46,0.0760892220547352,1
412,499,46,0.0826057794187917,1
413,476,46,0.0656678604446896,1
413,477,46,0.0694002743049223,1
413,478,46,0.0830184114398782,1
413,479,46,0.099542369862181,1
413,480,46,0.0950144185859066,1
413,481,46,0.0812544592944922,1
413,482,46,0.0779696160096583,1
413,483,46,0.0972541530471229,1
413,484,46,0.113509411624165,1
413,485,46,0.101205125238246,1
413,486,46,0.092432860987163,1
413,487,46,0.0917520581285208,1
413,488,46,0.088122265751541,1
413,489,46,0.08935561114625,1
413,490,46,0.0755920930757316,1
413,491,46,0.060639137249991,1
413,492,46,0.0512474711027137,1
413,493,46,0.0485813925002481,1
413,494,46,0.0531880937871027,1
413,495,46,0.0616320546543829,1
413,496,46,0.063963644089772,1
413,497,46,0.0621948707605323,1
413,498,46,0.0663045512745046,1
413,499,46,0.0737774102937589,1
413,500,46,0.0858207516064521,1
414,475,46,0.065597730855115,1
414,476,46,0.0659698697409901,1
414,477,46,0.0616987096251701,1
414,478,46,0.0626340613729731,1
414,479,46,0.0672714511181492,1
414,480,46,0.0696936090771566,1
414,481,46,0.0681391319599139,1
414,482,46,0.0685373845897555,1
414,483,46,0.0776666689269723,1
414,484,46,0.0852886600273314,1
414,485,46,0.0868154423889449,1
414,486,46,0.0905822477614318,1
414,487,46,0.0891468574922496,1
414,488,46,0.0782874895256474,1
414,489,46,0.0710713254836285,1
414,490,46,0.0588013945412561,1
414,491,46,0.0512528633744305,1
414,494,46,0.047785347116581,1
414,495,46,0.0526265581200567,1
414,496,46,0.0565641067406739,1
414,497,46,0.0580533656239636,1
414,498,46,0.0619445900017159,1
414,499,46,0.067942112658635,1
414,500,46,0.0809725943711272,1
414,501,46,0.100395563106579,1
415,474,46,0.0650168984297512,1
415,475,46,0.0682774494403291,1
415,476,46,0.0668957955333283,1
415,477,46,0.0604185771058546,1
415,478,46,0.0572747925231782,1
415,479,46,0.0570196184430938,1
415,480,46,0.0585262744661254,1
415,481,46,0.0602058558940692,1
415,482,46,0.0601763997832415,1
415,483,46,0.0605841685403158,1
415,484,46,0.0605964078549372,1
415,485,46,0.0682176715697024,1
415,486,46,0.078114774521527,1
415,487,46,0.0761359370419274,1
415,488,46,0.0622203232448679,1
415,489,46,0.0535398358190924,1
415,490,46,0.0482516854425929,1
415,491,46,0.0482908380241889,1
415,494,46,0.0490720080718881,1
415,495,46,0.0540101417028893,1
415,496,46,0.0566927938762838,1
415,497,46,0.0586669424239556,1
415,498,46,0.063185906580702,1
415,499,46,0.0694477347120621,1
415,500,46,0.0811329257857977,1
415,501,46,0.09555850301015,1
415,502,46,0.100215309742668,1
416,474,46,0.0735150224722473,1
416,475,46,0.0722533931996925,1
416,476,46,0.0659841349146624,1
416,477,46,0.0597981712973116,1
416,478,46,0.0573306208703735,1
416,479,46,0.0560735001862107,1
416,480,46,0.056275833610341,1
416,481,46,0.057743222834204,1
416,482,46,0.0560989286247416,1
416,483,46,0.0523323877561071,1
416,484,46,0.048588467978298,1
416,485,46,0.0526525396120969,1
416,486,46,0.0596108364438986,1
416,487,46,0.0593771893705232,1
416,488,46,0.0508349713335534,1
416,493,46,0.0472937847413787,1
416,494,46,0.0535811585345679,1
416,495,46,0.0603358234687824,1
416,496,46,0.0605467352337598,1
416,497,46,0.0609599744114164,1
416,498,46,0.0655179348520279,1
416,499,46,0.074236198237077,1
416,500,46,0.0882500271236678,1
416,501,46,0.100733286434396,1
416,502,46,0.100112075091393,1
417,474,46,0.0743956940600322,1
417,475,46,0.0725198688080129,1
417,476,46,0.0655909920183318,1
417,477,46,0.0606592756114752,1
417,478,46,0.0595238627680915,1
417,479,46,0.058061475071618,1
417,480,46,0.0563818515635159,1
417,481,46,0.0577484287509339,1
417,482,46,0.0565523122734404,1
417,483,46,0.0506464341899026,1
417,493,46,0.0491255250161011,1
417,494,46,0.0586145285810359,1
417,495,46,0.0653834166087644,1
417,496,46,0.0643359452848293,1
417,497,46,0.0642502520481255,1
417,498,46,0.0663397483212181,1
417,499,46,0.0762117354299736,1
417,500,46,0.0949507873750676,1
417,501,46,0.111388535575864,1
417,502,46,0.109747950431786,1
418,474,46,0.0681272533323638,1
418,475,46,0.067686000792165,1
418,476,46,0.0651702505495909,1
418,477,46,0.0626264568872186,1
418,478,46,0.0615279363197838,1
418,479,46,0.0600647731461069,1
418,480,46,0.05724674910338,1
418,481,46,0.0590080261529867,1
418,482,46,0.0577607943060304,1
418,483,46,0.0507017996553563,1
418,493,46,0.0501786170468982,1
418,494,46,0.0585321055737791,1
418,495,46,0.0652852556222939,1
418,496,46,0.0704438862771939,1
418,497,46,0.0757005576895406,1
418,498,46,0.0743656247811832,1
418,499,46,0.0829828957862516,1
418,500,46,0.10567899148817,1
418,501,46,0.12752821198089,1
418,502,46,0.130952082097379,1
418,503,46,0.117360563668289,1
419,474,46,0.0664419009112783,1
419,475,46,0.0667393054359677,1
419,476,46,0.0663432289514567,1
419,477,46,0.0639709119342599,1
419,478,46,0.0624026445479889,1
419,479,46,0.0628163405959358,1
419,480,46,0.0604859173820775,1
419,481,46,0.0599310604373028,1
419,482,46,0.0561857339799154,1
419,483,46,0.0511791629828494,1
419,484,46,0.047641192517061,1
419,493,46,0.0497530423714011,1
419,494,46,0.0547232140315158,1
419,495,46,0.0616100106628717,1
419,496,46,0.0739685503957747,1
419,497,46,0.086697581876927,1
419,498,46,0.0894345655461706,1
419,499,46,0.105255785324441,1
419,503,46,0.13524265920054,1
420,474,46,0.0777770091135524,1
420,475,46,0.0802088274746211,1
420,476,46,0.0789362092692922,1
420,477,46,0.0723146498873117,1
420,478,46,0.0680761439743522,1
420,479,46,0.0681921649823061,1
420,480,46,0.0653803988602673,1
420,481,46,0.0623988453108372,1
420,482,46,0.0622716670494759,1
420,483,46,0.0667914126948768,1
420,484,46,0.065908330515165,1
420,485,46,0.0521753446052371,1
420,493,46,0.0504689581164402,1
420,494,46,0.0536040020490873,1
420,495,46,0.0578029045216116,1
420,496,46,0.0667848061100197,1
420,497,46,0.0792158619786196,1
420,498,46,0.102101973641181,1
421,474,46,0.0923397255738868,1
421,475,46,0.0969689457568965,1
421,476,46,0.0963771845132706,1
421,477,46,0.0836241312731657,1
421,478,46,0.0739398517277969,1
421,479,46,0.0705992101530237,1
421,480,46,0.0670472660689457,1
421,481,46,0.0672145407097398,1
421,482,46,0.0800839576105164,1
421,483,46,0.106810563014244,1
421,484,46,0.112780150457486,1
421,485,46,0.0726683576638404,1
421,492,46,0.0507284123497714,1
421,493,46,0.0541176685303127,1
421,494,46,0.0559073977783985,1
421,495,46,0.0575387433219991,1
421,496,46,0.0642423890699698,1
421,497,46,0.0764146880335764,1
421,498,46,0.115677020694012,1
421,503,46,0.121190206740058,1
422,475,46,0.111779135628342,1
422,476,46,0.105093764691987,1
422,477,46,0.0884329615948101,1
422,478,46,0.0775884659584504,1
422,479,46,0.0731906084973642,1
422,480,46,0.0693524471992601,1
422,481,46,0.0728960413776361,1
422,482,46,0.095677096919213,1
422,483,46,0.136955081186332,1
422,484,46,0.148111973906647,1
422,485,46,0.0933202714117311,1
422,486,46,0.0551067987204554,1
422,491,46,0.0494275643696575,1
422,492,46,0.0552096185815976,1
422,493,46,0.0601204572184736,1
422,494,46,0.061515811222735,1
422,495,46,0.0612395910520367,1
422,496,46,0.069439444920872,1
422,497,46,0.0854597880083379,1
422,498,46,0.125416401200982,1
422,503,46,0.116247579549293,1
423,477,46,0.0963550323156379,1
423,478,46,0.0952358323561118,1
423,479,46,0.0925436159638751,1
423,480,46,0.0824636206210666,1
423,481,46,0.0793367041704274,1
423,482,46,0.0932438839014684,1
423,483,46,0.115931293056418,1
423,484,46,0.120473401300243,1
423,485,46,0.0873471552466407,1
423,486,46,0.0639076173646875,1
423,487,46,0.0542874018546433,1
423,488,46,0.051259199443984,1
423,489,46,0.0483805829789944,1
423,490,46,0.0472377009075079,1
423,491,46,0.0517642695500087,1
423,492,46,0.0590901545991353,1
423,493,46,0.0660053853946167,1
423,494,46,0.067299037667657,1
423,495,46,0.0650375177073306,1
423,496,46,0.0746733990591742,1
423,497,46,0.0951545755703857,1
423,503,46,0.135541981378159,1
424,478,46,0.140353655116216,1
424,479,46,0.133755498313716,1
424,480,46,0.112303526538489,1
424,481,46,0.0974268319825362,1
424,482,46,0.0939685282736343,1
424,483,46,0.0959972307408493,1
424,484,46,0.0924598884717102,1
424,485,46,0.0800754934872419,1
424,486,46,0.070531431040864,1
424,487,46,0.0626971214959492,1
424,488,46,0.0596293517135618,1
424,489,46,0.0543181804847326,1
424,490,46,0.0502202102776771,1
424,491,46,0.0539433665030782,1
424,492,46,0.0627781859152372,1
424,493,46,0.0716741057172844,1
424,494,46,0.0738878827322652,1
424,495,46,0.0699437215153397,1
424,496,46,0.0809880618350373,1
424,497,46,0.116405632623963,1
425,479,46,0.14125888348211,1
425,480,46,0.135712021286501,1
425,482,46,0.120111403732524,1
425,483,46,0.100804456005026,1
425,484,46,0.0904901162605042,1
425,485,46,0.0842435451922626,1
425,486,46,0.0761721921040502,1
425,487,46,0.0663726910737356,1
425,488,46,0.0638858138312238,1
425,489,46,0.0598857340953353,1
425,490,46,0.0540699015391623,1
425,491,46,0.0555911834229376,1
425,492,46,0.0642542135944592,1
425,493,46,0.0745547270012458,1
425,494,46,0.0784767059632826,1
425,495,46,0.0761579810334387,1
425,496,46,0.093820171669733,1
426,479,46,0.123368263712072,1
426,483,46,0.129137273074931,1
426,484,46,0.110170555450395,1
426,485,46,0.103313882200949,1
426,486,46,0.0868535129093269,1
426,487,46,0.070313485877995,1
426,488,46,0.0642964320161619,1
426,489,46,0.0627269082365923,1
426,490,46,0.0591526376227971,1
426,491,46,0.0587153646632856,1
426,492,46,0.0655772438294618,1
426,493,46,0.0766711846329225,1
426,494,46,0.0838395095463769,1
426,495,46,0.085950869467445,1
426,496,46,0.103877840482824,1
427,485,46,0.139774391679613,1
427,486,46,0.110780272898724,1
427,487,46,0.0833455185448941,1
427,488,46,0.0691059897234002,1
427,489,46,0.0658779185835982,1
427,490,46,0.0643634236282157,1
427,491,46,0.0639401813957801,1
427,492,46,0.0697777754052584,1
427,493,46,0.0805096164463301,1
427,494,46,0.0912980613118006,1
427,495,46,0.100400023603362,1
427,496,46,0.113341175151181,1
428,487,46,0.111224447004201,1
428,488,46,0.0868615622424694,1
428,489,46,0.0751971527554953,1
428,490,46,0.0704031466724838,1
428,491,46,0.0718279026845121,1
428,492,46,0.0815987110583001,1
428,493,46,0.0937706132661282,1
428,494,46,0.104364034632115,1
428,495,46,0.115627714771357,1
428,496,46,0.125662269554626,1
429,489,46,0.10647401793086,1
429,490,46,0.0819148652992491,1
429,491,46,0.0820338619755418,1
429,492,46,0.102420676737434,1
429,493,46,0.123299937557854,1
429,494,46,0.124727717329831,1
429,495,46,0.122643078309299,1
429,496,46,0.132724822984404,1
430,490,46,0.101930755488407,1
430,491,46,0.0925262789386451,1
430,492,46,0.120921723307041,1
430,493,46,0.154262998969685,1
430,494,46,0.15299115624156,1
430,495,46,0.139984852585751,1
430,498,46,0.138455082532897,1
430,499,46,0.131309402756072,1
431,490,46,0.115247165865268,1
431,491,46,0.104744270942742,1
431,492,46,0.129996694182762,1
431,498,46,0.134928055913998,1
432,483,46,0.119291850568981,1
432,484,46,0.122206743136173,1
432,489,46,0.126789524858745,1
432,490,46,0.109573353843443,1
432,491,46,0.110983279605387,1
432,492,46,0.130244185628226,1
433,484,46,0.107815220782808,1
433,485,46,0.117240995904134,1
433,486,46,0.124572128950149,1
433,487,46,0.123059251075136,1
433,488,46,0.114193550838218,1
433,489,46,0.103936608429651,1
433,490,46,0.101673405262992,1
433,491,46,0.111373699314329,1
434,487,46,0.114622443834771,1
434,488,46,0.111034064345035,1
434,489,46,0.106989103114567,1
434,490,46,0.114609483146007,1
408,485,47,0.0818293824633369,1
408,486,47,0.091572952951786,1
408,487,47,0.0954953406925038,1
408,488,47,0.0923482798689292,1
408,489,47,0.0915932355880988,1
408,490,47,0.0985222686755109,1
408,491,47,0.115791983686557,1
408,492,47,0.129637017035202,1
409,480,47,0.164492541183731,1
409,481,47,0.169523789187929,1
409,482,47,0.14482756945775,1
409,483,47,0.120285483336065,1
409,484,47,0.105116463931678,1
409,485,47,0.0857705980691796,1
409,486,47,0.0867208281586762,1
409,487,47,0.0966781598399665,1
409,488,47,0.110746644840771,1
409,489,47,0.115570702168278,1
409,490,47,0.112605698143972,1
409,491,47,0.11715393806801,1
409,492,47,0.123939123139913,1
409,493,47,0.116189581068219,1
409,494,47,0.0944347824393296,1
409,495,47,0.0739988420983177,1
410,479,47,0.179741248385084,1
410,480,47,0.207286162581958,1
410,481,47,0.214625134560323,1
410,482,47,0.199136317975566,1
410,483,47,0.198615101111647,1
410,484,47,0.178817552841137,1
410,485,47,0.106454011821302,1
410,486,47,0.0770702127399675,1
410,487,47,0.0822021345172333,1
410,488,47,0.106604406307157,1
410,489,47,0.118592935207906,1
410,490,47,0.110439555868215,1
410,491,47,0.103520459709619,1
410,492,47,0.0972102874877944,1
410,493,47,0.0924232967683208,1
410,494,47,0.0859554441818001,1
410,495,47,0.0763506540555077,1
410,496,47,0.0654004951415932,1
410,497,47,0.0671845014881468,1
411,478,47,0.160791098320025,1
411,479,47,0.18056122235021,1
411,480,47,0.182073054232716,1
411,481,47,0.171611818666931,1
411,482,47,0.170874910934339,1
411,483,47,0.203872475863783,1
411,484,47,0.200170443877861,1
411,485,47,0.116843723140836,1
411,486,47,0.0748578844847234,1
411,487,47,0.0694373288900533,1
411,488,47,0.0832694316071908,1
411,489,47,0.0960800444924335,1
411,490,47,0.0984826111320149,1
411,491,47,0.0914259729702071,1
411,492,47,0.077097312361929,1
411,493,47,0.0712473347630007,1
411,494,47,0.0762598931654513,1
411,495,47,0.0793825955888067,1
411,496,47,0.0728254248605151,1
411,497,47,0.0785603132264238,1
411,498,47,0.0974962943010289,1
412,477,47,0.103009125671455,1
412,478,47,0.122678569917121,1
412,479,47,0.14191374692887,1
412,480,47,0.131043937071552,1
412,481,47,0.110382146509357,1
412,482,47,0.106143869031543,1
412,483,47,0.127517451483261,1
412,484,47,0.140693819093215,1
412,485,47,0.107886372319085,1
412,486,47,0.0848049185501265,1
412,487,47,0.0758155266935364,1
412,488,47,0.0773853570571167,1
412,489,47,0.0859226577270136,1
412,490,47,0.0910709546973191,1
412,491,47,0.0809465647874774,1
412,492,47,0.0637262218250497,1
412,493,47,0.0573059679090461,1
412,494,47,0.0638412148748502,1
412,495,47,0.074639608692039,1
412,496,47,0.0757590851783198,1
412,497,47,0.0780477107720589,1
412,498,47,0.0912409765713068,1
412,499,47,0.0993943799568022,1
413,476,47,0.0653169239471593,1
413,477,47,0.0692784342122171,1
413,478,47,0.0821239976746745,1
413,479,47,0.0947739425039801,1
413,480,47,0.0909852314033593,1
413,481,47,0.0795730624082893,1
413,482,47,0.0762601095776941,1
413,483,47,0.0893635522732711,1
413,484,47,0.109933175265831,1
413,485,47,0.110690594069881,1
413,486,47,0.103315829911134,1
413,487,47,0.0954600835312784,1
413,488,47,0.0887981813003663,1
413,489,47,0.0896428923871367,1
413,490,47,0.085560443747052,1
413,491,47,0.0704245654730714,1
413,492,47,0.0560985318689631,1
413,493,47,0.0511801007692349,1
413,494,47,0.0544972075126019,1
413,495,47,0.0628345432701371,1
413,496,47,0.0669691953523499,1
413,497,47,0.0659342639155958,1
413,498,47,0.0701787091423304,1
413,499,47,0.0773146082880695,1
413,500,47,0.0848891870728984,1
414,475,47,0.0630965764160286,1
414,476,47,0.0662548305617177,1
414,477,47,0.0631082506542383,1
414,478,47,0.0648684456426309,1
414,479,47,0.0693543708636407,1
414,480,47,0.0710846288251104,1
414,481,47,0.0705492910623475,1
414,482,47,0.0721930923328124,1
414,483,47,0.0788414627870973,1
414,484,47,0.0887795999047401,1
414,485,47,0.0996230615714953,1
414,486,47,0.110781859921838,1
414,487,47,0.10540230843573,1
414,488,47,0.0860968214908707,1
414,489,47,0.0746389173751523,1
414,490,47,0.0654596237754914,1
414,491,47,0.0572233525353512,1
414,492,47,0.050847913987964,1
414,493,47,0.0489997173656109,1
414,494,47,0.0511204491390832,1
414,495,47,0.055534675781758,1
414,496,47,0.0587997534150814,1
414,497,47,0.0597469958133368,1
414,498,47,0.0626524864708684,1
414,499,47,0.0680059482588144,1
414,500,47,0.0804388135742223,1
415,475,47,0.0696120156501639,1
415,476,47,0.0683332176730125,1
415,477,47,0.0624895821550889,1
415,478,47,0.06070858153413,1
415,479,47,0.0609650480762202,1
415,480,47,0.0617803992353819,1
415,481,47,0.0643547130354424,1
415,482,47,0.0662531834240918,1
415,483,47,0.0650905747755276,1
415,484,47,0.0646254026710465,1
415,485,47,0.0786699440617635,1
415,486,47,0.101175440692273,1
415,487,47,0.0994557749077988,1
415,488,47,0.073498280580685,1
415,489,47,0.0588993210811302,1
415,490,47,0.0551087704764455,1
415,491,47,0.0552376800357494,1
415,492,47,0.0513441532721916,1
415,493,47,0.0495750072329781,1
415,494,47,0.0527992911585307,1
415,495,47,0.0587520465384429,1
415,496,47,0.0619014518279813,1
415,497,47,0.0640421416194022,1
415,498,47,0.0656940162688144,1
415,499,47,0.0704929998334107,1
415,500,47,0.082378666792859,1
415,501,47,0.10234256394068,1
416,475,47,0.076872159469084,1
416,476,47,0.0664828809740359,1
416,477,47,0.0601604514032362,1
416,478,47,0.0597842607992595,1
416,479,47,0.0590652251110531,1
416,480,47,0.0582392396947375,1
416,481,47,0.0602466916819983,1
416,482,47,0.0613326242706426,1
416,483,47,0.0568170024807576,1
416,484,47,0.0518666024836046,1
416,485,47,0.058515465876887,1
416,486,47,0.0722454881413786,1
416,487,47,0.0741097112926024,1
416,488,47,0.0592708047188257,1
416,489,47,0.0515759007269912,1
416,490,47,0.0527155215862075,1
416,491,47,0.0559337940605708,1
416,492,47,0.0519321032557635,1
416,493,47,0.0502966639139029,1
416,494,47,0.0560475908315847,1
416,495,47,0.0666840782338914,1
416,496,47,0.0723889814812677,1
416,497,47,0.0740024790262873,1
416,498,47,0.0721644658022488,1
416,499,47,0.0781881983863534,1
416,500,47,0.0898493616896852,1
416,501,47,0.0993026392002019,1
416,502,47,0.0964522735500764,1
417,475,47,0.0736263305024688,1
417,476,47,0.064565757052346,1
417,477,47,0.0593734141791763,1
417,478,47,0.0599419411639555,1
417,479,47,0.0596317142138792,1
417,480,47,0.058039629457996,1
417,481,47,0.060052774289533,1
417,482,47,0.0627075273179579,1
417,483,47,0.0564665529107735,1
417,484,47,0.0484823418190016,1
417,485,47,0.0484087586507187,1
417,486,47,0.0516236556952392,1
417,487,47,0.0528776143560764,1
417,488,47,0.0482876008577235,1
417,490,47,0.0473537459612666,1
417,491,47,0.0515985999666821,1
417,492,47,0.0535111131053099,1
417,493,47,0.0558214340263911,1
417,494,47,0.0602526249843221,1
417,495,47,0.0692727052992337,1
417,496,47,0.0768499050767811,1
417,497,47,0.0804203704419734,1
417,498,47,0.0784089749427325,1
417,499,47,0.0864363121853366,1
417,500,47,0.100442242025065,1
417,501,47,0.108505251219026,1
417,502,47,0.103183121114679,1
418,475,47,0.0647449103206902,1
418,476,47,0.0631493810032756,1
418,477,47,0.0611391096454071,1
418,478,47,0.0616393886248339,1
418,479,47,0.061295040677807,1
418,480,47,0.0586954727713002,1
418,481,47,0.060400903439358,1
418,482,47,0.0634138127181916,1
418,483,47,0.0567980123064505,1
418,484,47,0.0483987796417444,1
418,491,47,0.0488550247412094,1
418,492,47,0.057562109832772,1
418,493,47,0.0655617523197469,1
418,494,47,0.0674524559134597,1
418,495,47,0.0707835873724514,1
418,496,47,0.076591599030627,1
418,497,47,0.0822634513193645,1
418,498,47,0.0829028352793122,1
418,499,47,0.0912908776276294,1
418,500,47,0.105738396648823,1
418,501,47,0.117988483790819,1
418,502,47,0.12139780619543,1
419,475,47,0.0639646480021206,1
419,476,47,0.0648247844726428,1
419,477,47,0.0634038938237292,1
419,478,47,0.0632837970518689,1
419,479,47,0.0639014616386697,1
419,480,47,0.0612679651016503,1
419,481,47,0.0599516196003703,1
419,482,47,0.0595491168745378,1
419,483,47,0.0560305844361701,1
419,484,47,0.0512762960111665,1
419,485,47,0.047457966490536,1
419,491,47,0.0478948517114457,1
419,492,47,0.0578272208416724,1
419,493,47,0.0683858118594678,1
419,494,47,0.0730332527510324,1
419,495,47,0.0758239787939086,1
419,496,47,0.0808175169647962,1
419,497,47,0.0878653663849653,1
419,498,47,0.0937798709009598,1
419,499,47,0.107611961595195,1
420,475,47,0.0746488422810658,1
420,476,47,0.0739754154730329,1
420,477,47,0.0702108163031326,1
420,478,47,0.068739946449031,1
420,479,47,0.0699160868742224,1
420,480,47,0.0680945991295034,1
420,481,47,0.0659441407298998,1
420,482,47,0.0682063039155034,1
420,483,47,0.072521870621259,1
420,484,47,0.0707015551095219,1
420,485,47,0.0572972873735287,1
420,491,47,0.0509579716363382,1
420,492,47,0.05777878657944,1
420,493,47,0.0639991537319474,1
420,494,47,0.0688005959800801,1
420,495,47,0.0730419573323546,1
420,496,47,0.0782386344618318,1
420,497,47,0.0879491660145444,1
420,498,47,0.1102580220652,1
421,475,47,0.0867034911334461,1
421,476,47,0.0844275136330095,1
421,477,47,0.0780830160248938,1
421,478,47,0.0738871252894153,1
421,479,47,0.0737469021789731,1
421,480,47,0.0735068468986298,1
421,481,47,0.0764428817396543,1
421,482,47,0.0911611986025733,1
421,483,47,0.115492745669254,1
421,484,47,0.125610498936983,1
421,485,47,0.0827654555852826,1
421,486,47,0.0529576628401135,1
421,490,47,0.0488214567977682,1
421,491,47,0.0577275810382094,1
421,492,47,0.0658645911963115,1
421,493,47,0.0680352059917529,1
421,494,47,0.0672049764908976,1
421,495,47,0.0679611749703563,1
421,496,47,0.074939189362059,1
421,497,47,0.0893338376700423,1
421,498,47,0.126870426968851,1
422,475,47,0.100583799677671,1
422,476,47,0.090552058253559,1
422,477,47,0.0833409197847343,1
422,478,47,0.0792955497755853,1
422,479,47,0.078659989098594,1
422,480,47,0.078911880926329,1
422,481,47,0.0854195894342349,1
422,482,47,0.109660664160517,1
422,483,47,0.149856052194401,1
422,484,47,0.172806762911443,1
422,485,47,0.109900521062971,1
422,486,47,0.0641574352417623,1
422,487,47,0.0494283789212937,1
422,489,47,0.0473648100371806,1
422,490,47,0.0514641718951865,1
422,491,47,0.0618844815012739,1
422,492,47,0.0750185825979164,1
422,493,47,0.0807304591286724,1
422,494,47,0.0768208998247926,1
422,495,47,0.0710028610660332,1
422,496,47,0.0784301953654308,1
422,497,47,0.0987150979953109,1
423,477,47,0.0999224378521749,1
423,478,47,0.100360889056119,1
423,479,47,0.0961937090115212,1
423,480,47,0.0889636104256454,1
423,481,47,0.0901416083892543,1
423,482,47,0.104137595288715,1
423,483,47,0.116786938972902,1
423,484,47,0.125627427183532,1
423,485,47,0.0931069791120827,1
423,486,47,0.0714384748650165,1
423,487,47,0.0595137935873494,1
423,488,47,0.055199849973415,1
423,489,47,0.0519224127964463,1
423,490,47,0.051988033797629,1
423,491,47,0.0603012035213831,1
423,492,47,0.0759675562941144,1
423,493,47,0.0902730607924112,1
423,494,47,0.0881974329372124,1
423,495,47,0.0767289606903031,1
423,496,47,0.0840891591028183,1
423,497,47,0.109269318688092,1
424,479,47,0.134231617270813,1
424,480,47,0.111491992650833,1
424,481,47,0.103626742166646,1
424,482,47,0.103039146858695,1
424,483,47,0.0946224479225579,1
424,484,47,0.0901125249884003,1
424,485,47,0.0818585500245075,1
424,486,47,0.0763758540588934,1
424,487,47,0.0676953485987644,1
424,488,47,0.0638383594355353,1
424,489,47,0.0579665242000826,1
424,490,47,0.054237001847872,1
424,491,47,0.0606708296206611,1
424,492,47,0.0779917922530958,1
424,493,47,0.0971696621006569,1
424,494,47,0.0973404173716897,1
424,495,47,0.0838503662272248,1
424,496,47,0.0920485248668247,1
425,480,47,0.131987843114397,1
425,482,47,0.129862494546411,1
425,483,47,0.110156536746222,1
425,484,47,0.100496964265241,1
425,485,47,0.0908733342509212,1
425,486,47,0.080038505028074,1
425,487,47,0.0682019997164519,1
425,488,47,0.0657476203790696,1
425,489,47,0.062817266359419,1
425,490,47,0.0579241194233931,1
425,491,47,0.0615749158108284,1
425,492,47,0.0762606686426547,1
425,493,47,0.0944018577211656,1
425,494,47,0.0986418544740201,1
425,495,47,0.0941883910894327,1
425,496,47,0.110105042655334,1
426,483,47,0.141776024582122,1
426,484,47,0.12389781244734,1
426,485,47,0.111170981157323,1
426,486,47,0.0909369955190162,1
426,487,47,0.0710973129871199,1
426,488,47,0.0648554188279036,1
426,489,47,0.0659031666785934,1
426,490,47,0.0644321705840168,1
426,491,47,0.0648797652052204,1
426,492,47,0.0746749139448739,1
426,493,47,0.0912044329595269,1
426,494,47,0.104300253134996,1
426,495,47,0.113685751533353,1
427,486,47,0.121533172053312,1
427,487,47,0.086056316332757,1
427,488,47,0.0702442580060988,1
427,489,47,0.0697958458275335,1
427,490,47,0.0703625693769559,1
427,491,47,0.0704222931445218,1
427,492,47,0.0779991081891932,1
427,493,47,0.091138709763674,1
427,494,47,0.11022107568619,1
427,495,47,0.135979699185059,1
428,487,47,0.116273176308457,1
428,488,47,0.0885481289766952,1
428,489,47,0.0793934823269106,1
428,490,47,0.0763999900354185,1
428,491,47,0.0806387424178768,1
428,492,47,0.0941795241989284,1
428,493,47,0.104496070146037,1
428,494,47,0.124323254870911,1
429,489,47,0.112325167762771,1
429,490,47,0.0883506588165771,1
429,491,47,0.0945713866561558,1
429,492,47,0.119171910094852,1
429,493,47,0.130533480705262,1
429,494,47,0.134938636068092,1
430,490,47,0.111531764411901,1
430,491,47,0.106281314851535,1
430,492,47,0.139001042529911,1
431,491,47,0.119113863522168,1
432,483,47,0.124828288908228,1
432,484,47,0.12326670625568,1
432,490,47,0.119090971916039,1
432,491,47,0.125107941617556,1
433,485,47,0.126255924405376,1
433,488,47,0.123258891369133,1
433,489,47,0.117198386738104,1
433,490,47,0.11960906282534,1
434,488,47,0.120597477652791,1
434,489,47,0.125069119665775,1
409,479,48,0.152062831880197,1
409,480,48,0.168601524369365,1
409,481,48,0.170190206643875,1
409,482,48,0.140534864300867,1
409,485,48,0.095084283671629,1
409,486,48,0.0875370690126138,1
409,487,48,0.0989288772225056,1
409,488,48,0.125737268419664,1
409,489,48,0.125818278735891,1
409,490,48,0.0980759484819595,1
409,491,48,0.0891153935567246,1
409,492,48,0.102020434317249,1
410,477,48,0.186101363743389,1
410,478,48,0.188887635300934,1
410,479,48,0.195816854743333,1
410,480,48,0.231217172667345,1
410,481,48,0.232447019397462,1
410,482,48,0.191726819651848,1
410,483,48,0.197653930180986,1
410,484,48,0.201018286930701,1
410,485,48,0.120676672510759,1
410,486,48,0.0804047707261371,1
410,487,48,0.0875832670150038,1
410,488,48,0.128292387656077,1
410,489,48,0.14737554709015,1
410,490,48,0.119437339710665,1
410,491,48,0.0929494069535081,1
410,492,48,0.080482781328221,1
410,493,48,0.0809950952329288,1
410,494,48,0.0823084590544189,1
410,495,48,0.0757590370867103,1
411,477,48,0.188736723830277,1
411,478,48,0.18935070940895,1
411,479,48,0.183961888265109,1
411,480,48,0.193046862195609,1
411,481,48,0.181321887337902,1
411,482,48,0.162563394359662,1
411,483,48,0.193902868799164,1
411,484,48,0.203696003702669,1
411,485,48,0.123367265811175,1
411,486,48,0.0790663151073828,1
411,487,48,0.0738933411299451,1
411,488,48,0.0993655370139958,1
411,489,48,0.128412785000496,1
411,490,48,0.129557269123725,1
411,491,48,0.104264497023322,1
411,492,48,0.0768498329393669,1
411,493,48,0.0685402700863264,1
411,494,48,0.0744984477952113,1
411,495,48,0.0778062127434301,1
411,496,48,0.0715597138126028,1
411,497,48,0.0803133064962916,1
412,478,48,0.122964210031833,1
412,479,48,0.129675285933474,1
412,480,48,0.124724651489724,1
412,481,48,0.109485658793493,1
412,482,48,0.104032719511266,1
412,483,48,0.122281561657675,1
412,484,48,0.136430714321989,1
412,485,48,0.112894271846864,1
412,486,48,0.0918853320013881,1
412,487,48,0.0777321155960705,1
412,488,48,0.0825401463947067,1
412,489,48,0.103775814133239,1
412,490,48,0.118490091300959,1
412,491,48,0.0980768141309308,1
412,492,48,0.0699282961315879,1
412,493,48,0.0598937533712218,1
412,494,48,0.064271322184544,1
412,495,48,0.0721716975780296,1
412,496,48,0.0737573861498473,1
412,497,48,0.0793472783130695,1
412,498,48,0.0978284931052021,1
413,477,48,0.0693214701912815,1
413,478,48,0.0788057487555815,1
413,479,48,0.0875490077546758,1
413,480,48,0.0854653726464928,1
413,481,48,0.0779523270760378,1
413,482,48,0.0763090608247288,1
413,483,48,0.0857505739252679,1
413,484,48,0.106857560539642,1
413,485,48,0.125364342033683,1
413,486,48,0.12790760668835,1
413,487,48,0.104524708699503,1
413,488,48,0.0875989929713151,1
413,489,48,0.0893764227902675,1
413,490,48,0.0947229173062851,1
413,491,48,0.0797079473500754,1
413,492,48,0.0615267881326066,1
413,493,48,0.0544644451036201,1
413,494,48,0.0567401701231068,1
413,495,48,0.0626641005945662,1
413,496,48,0.066206005555158,1
413,497,48,0.06579922868753,1
413,498,48,0.0712912844826459,1
413,499,48,0.0776897769453441,1
414,476,48,0.0651389849919552,1
414,477,48,0.0642683885963637,1
414,478,48,0.0663909177937416,1
414,479,48,0.0694104396688835,1
414,480,48,0.0708259200117267,1
414,481,48,0.0724466012409174,1
414,482,48,0.0754286717751498,1
414,483,48,0.0789804174813385,1
414,484,48,0.0903404070800852,1
414,485,48,0.12145906288305,1
414,486,48,0.151254219557819,1
414,487,48,0.129933153143691,1
414,488,48,0.0908469319572977,1
414,489,48,0.0737664694525944,1
414,490,48,0.0693810977756284,1
414,491,48,0.0633624268334253,1
414,492,48,0.0559700130539865,1
414,493,48,0.0530427068400889,1
414,494,48,0.0545866158261408,1
414,495,48,0.0571152185513576,1
414,496,48,0.0588544155407459,1
414,497,48,0.058896838351789,1
414,498,48,0.0615841193425992,1
414,499,48,0.0668808390427692,1
415,476,48,0.0659599628694301,1
415,477,48,0.0632457265314869,1
415,478,48,0.0639740499117808,1
415,479,48,0.0640634281680636,1
415,480,48,0.0639873893219699,1
415,481,48,0.067354445213269,1
415,482,48,0.0707023666554325,1
415,483,48,0.0682673922824893,1
415,484,48,0.0690200500171976,1
415,485,48,0.0926961986179626,1
415,486,48,0.128006206510758,1
415,487,48,0.121322134047859,1
415,488,48,0.0821252300221683,1
415,489,48,0.0620541547110925,1
415,490,48,0.0606233451677166,1
415,491,48,0.0615524570291851,1
415,492,48,0.0559700310883401,1
415,493,48,0.0539311812915175,1
415,494,48,0.0569646196761626,1
415,495,48,0.0622351054033424,1
415,496,48,0.0674203667870111,1
415,497,48,0.0681762947511663,1
415,498,48,0.0669962348597995,1
415,499,48,0.0696471105022072,1
415,500,48,0.0827151697960839,1
416,476,48,0.0648318659621438,1
416,477,48,0.0602077735469986,1
416,478,48,0.0619122604172197,1
416,479,48,0.0617732335855642,1
416,480,48,0.0599054456437851,1
416,481,48,0.0618483767254308,1
416,482,48,0.064550518023581,1
416,483,48,0.0609576720256109,1
416,484,48,0.0562522446758741,1
416,485,48,0.0645478669736066,1
416,486,48,0.0814849744017981,1
416,487,48,0.0839115327430762,1
416,488,48,0.0656706798152974,1
416,489,48,0.0565141455698394,1
416,490,48,0.0610730137395805,1
416,491,48,0.0650379204745603,1
416,492,48,0.057813616927631,1
416,493,48,0.0546941907451737,1
416,494,48,0.0591950604338402,1
416,495,48,0.0721045797255008,1
416,496,48,0.0886581325220086,1
416,497,48,0.0922942669799931,1
416,498,48,0.0841524236151348,1
416,499,48,0.083543932502849,1
416,500,48,0.0904260882938867,1
416,501,48,0.0962795044428953,1
417,476,48,0.0632491650815672,1
417,477,48,0.0587950765060561,1
417,478,48,0.0604636810241281,1
417,479,48,0.0616041494979621,1
417,480,48,0.0600574151298512,1
417,481,48,0.0618292242419416,1
417,482,48,0.0669380680580916,1
417,483,48,0.0632040551518425,1
417,484,48,0.0537209608434268,1
417,485,48,0.0521825643581155,1
417,486,48,0.0550602340195429,1
417,487,48,0.0562223557405608,1
417,488,48,0.0520555604288387,1
417,489,48,0.0508802014923019,1
417,490,48,0.0560534880652014,1
417,491,48,0.0620345694031177,1
417,492,48,0.0635350456543267,1
417,493,48,0.0655098554616294,1
417,494,48,0.0656351461273173,1
417,495,48,0.0744500195444301,1
417,496,48,0.0956194410908562,1
417,497,48,0.107623599764697,1
417,498,48,0.103399449197178,1
417,499,48,0.102387132839798,1
417,500,48,0.103511995586344,1
417,501,48,0.100192911075536,1
418,476,48,0.0627311703554855,1
418,477,48,0.0603628148846225,1
418,478,48,0.0611400414203414,1
418,479,48,0.062396933669359,1
418,480,48,0.0607157351610453,1
418,481,48,0.0621835511979428,1
418,482,48,0.0682067066827331,1
418,483,48,0.0648456562311721,1
418,484,48,0.0541370855176542,1
418,485,48,0.0488086494010094,1
418,490,48,0.0494353191416917,1
418,491,48,0.0581220765110576,1
418,492,48,0.0760207516256888,1
418,493,48,0.0965659140233594,1
418,494,48,0.0945482125118209,1
418,495,48,0.0818426076559534,1
418,496,48,0.084756195738237,1
418,497,48,0.0952741914261509,1
418,498,48,0.101601436169353,1
418,499,48,0.105035369455134,1
418,500,48,0.10614046655017,1
418,501,48,0.107530674752213,1
419,476,48,0.0645363971247373,1
419,477,48,0.0630712381492656,1
419,478,48,0.0631961140248214,1
419,479,48,0.0641727103392344,1
419,480,48,0.0623680666807479,1
419,481,48,0.0617428156425462,1
419,482,48,0.0647262387532962,1
419,483,48,0.0639780174695657,1
419,484,48,0.05765444572304,1
419,485,48,0.0519598881831606,1
419,490,48,0.0486035296692528,1
419,491,48,0.0570098979265206,1
419,492,48,0.0805116002252226,1
419,493,48,0.114132570677353,1
419,494,48,0.121689361578113,1
419,495,48,0.100616111227813,1
419,496,48,0.0902131867385655,1
419,497,48,0.0949234953866681,1
419,498,48,0.104459268041856,1
419,499,48,0.110698661437377,1
419,500,48,0.118876423223092,1
420,476,48,0.0696776546857002,1
420,477,48,0.0682291414185717,1
420,478,48,0.0681354409288837,1
420,479,48,0.0694730008414108,1
420,480,48,0.0693055278227274,1
420,481,48,0.070188507807769,1
420,482,48,0.0766095852925855,1
420,483,48,0.0823228504685662,1
420,484,48,0.0805691238016533,1
420,485,48,0.0684511743682494,1
420,486,48,0.0522647348844224,1
420,490,48,0.0526753771151652,1
420,491,48,0.0609203950167859,1
420,492,48,0.0749085910755054,1
420,493,48,0.0916373656512797,1
420,494,48,0.100612444242588,1
420,495,48,0.0956796457745173,1
420,496,48,0.0964930672578472,1
420,497,48,0.108117212044755,1
420,498,48,0.127054617833292,1
421,476,48,0.074408516485419,1
421,477,48,0.0732822891394526,1
421,478,48,0.0736431144741894,1
421,479,48,0.0753184217603376,1
421,480,48,0.0779402200133425,1
421,481,48,0.0848101785699171,1
421,482,48,0.10226659122055,1
421,483,48,0.124286116125463,1
421,484,48,0.135671143418413,1
421,485,48,0.103141738284692,1
421,486,48,0.0657946359388213,1
421,487,48,0.0484828377637248,1
421,489,48,0.0493089824834969,1
421,490,48,0.0582539376928954,1
421,491,48,0.0738783726164837,1
421,492,48,0.0893931346245738,1
421,493,48,0.0893335250745805,1
421,494,48,0.0857210516884772,1
421,495,48,0.0854271698741847,1
421,496,48,0.0953044470599868,1
421,497,48,0.116217858934613,1
422,476,48,0.0802623955161692,1
422,477,48,0.0806074287686317,1
422,478,48,0.0835155404188818,1
422,479,48,0.0839933726395676,1
422,480,48,0.0864287257339357,1
422,481,48,0.0956654647611617,1
422,482,48,0.11861559837889,1
422,483,48,0.152277368550242,1
422,484,48,0.17456784158316,1
422,485,48,0.125604174890332,1
422,486,48,0.0761853992623132,1
422,487,48,0.0554869929509242,1
422,488,48,0.0505703111834922,1
422,489,48,0.0525713128836268,1
422,490,48,0.0611879647092227,1
422,491,48,0.0813822326895213,1
422,492,48,0.106720703841866,1
422,493,48,0.112078854561739,1
422,494,48,0.101961870759763,1
422,495,48,0.0879447836666274,1
422,496,48,0.0926518701768925,1
422,497,48,0.115867223009642,1
423,477,48,0.101784929705456,1
423,478,48,0.105446877334848,1
423,479,48,0.0987481489539498,1
423,480,48,0.0929520820492874,1
423,481,48,0.0985354337536155,1
423,482,48,0.112218692939305,1
423,483,48,0.120755013742658,1
423,484,48,0.124420291716009,1
423,485,48,0.0986278117240419,1
423,486,48,0.077178821628605,1
423,487,48,0.0646856794921218,1
423,488,48,0.0588774514217034,1
423,489,48,0.0569014934272235,1
423,490,48,0.0598139092765252,1
423,491,48,0.0729650889059967,1
423,492,48,0.101068028082422,1
423,493,48,0.133083189635604,1
423,494,48,0.131777754918233,1
423,495,48,0.0995952225410375,1
423,496,48,0.0945126668009384,1
423,497,48,0.119885108663954,1
424,479,48,0.125545154462555,1
424,480,48,0.1056953185896,1
424,481,48,0.104740916552978,1
424,482,48,0.107218055244563,1
424,483,48,0.0987446743351623,1
424,484,48,0.0913822276399023,1
424,485,48,0.0848399532876579,1
424,486,48,0.0790725670166197,1
424,487,48,0.0711313317894003,1
424,488,48,0.0660170716557287,1
424,489,48,0.0614003011881321,1
424,490,48,0.0597457213856847,1
424,491,48,0.0683795659616821,1
424,492,48,0.0993373673537226,1
424,493,48,0.146756884602452,1
424,495,48,0.110661294256785,1
424,496,48,0.102739536131419,1
425,480,48,0.122116366978993,1
425,483,48,0.117348144010132,1
425,484,48,0.106808362823108,1
425,485,48,0.0945931481094611,1
425,486,48,0.0805388982250733,1
425,487,48,0.0690230316969875,1
425,488,48,0.065850223827969,1
425,489,48,0.0644317738282383,1
425,490,48,0.0629966240171037,1
425,491,48,0.0693901149524124,1
425,492,48,0.0919013465073565,1
425,493,48,0.125166637426968,1
425,494,48,0.133514078433953,1
425,495,48,0.123426057803806,1
426,484,48,0.130611461250089,1
426,485,48,0.113362816375462,1
426,486,48,0.0907442683938864,1
426,487,48,0.0710041775738437,1
426,488,48,0.0652460970292466,1
426,489,48,0.0687332917725644,1
426,490,48,0.0716382173536842,1
426,491,48,0.0738810958038724,1
426,492,48,0.0855199746576455,1
426,493,48,0.105730798174519,1
426,494,48,0.128823234864801,1
426,495,48,0.153158635271695,1
427,487,48,0.0876604600597259,1
427,488,48,0.0714702874647104,1
427,489,48,0.0755318342890098,1
427,490,48,0.0807030108425419,1
427,491,48,0.0810192071636492,1
427,492,48,0.0884947292557804,1
427,493,48,0.10195938201897,1
427,494,48,0.131457777394327,1
428,488,48,0.0870267809669568,1
428,489,48,0.0827121821048428,1
428,490,48,0.0844512528537561,1
428,491,48,0.090667448059138,1
428,492,48,0.105345860909062,1
428,493,48,0.113205316354302,1
429,489,48,0.112683702734604,1
429,490,48,0.094659412335921,1
429,491,48,0.104087399671284,1
429,492,48,0.130422004354407,1
430,490,48,0.11627986104218,1
430,491,48,0.114233490919919,1
432,490,48,0.128034267964909,1
433,489,48,0.132125228819878,1
409,477,49,0.164987199456296,1
409,478,49,0.161121848364462,1
409,479,49,0.155919165795247,1
409,480,49,0.165151071615716,1
409,481,49,0.169016242364014,1
410,476,49,0.1686532589183,1
410,477,49,0.249114633468836,1
410,478,49,0.233551900080255,1
410,479,49,0.203046093691689,1
410,480,49,0.230219560319575,1
410,481,49,0.236966668859644,1
410,482,49,0.179981381814293,1
410,485,49,0.129469201363801,1
410,486,49,0.0911791427843734,1
410,487,49,0.0974586926738396,1
410,488,49,0.144878149808057,1
410,489,49,0.175048469128649,1
410,490,49,0.136345075188346,1
410,491,49,0.0944250258540493,1
410,492,49,0.0773131655397841,1
411,476,49,0.15236075940114,1
411,477,49,0.216339937080785,1
411,478,49,0.211960258248096,1
411,479,49,0.185569037717672,1
411,480,49,0.193320058606359,1
411,481,49,0.186868196480002,1
411,482,49,0.152569260574191,1
411,483,49,0.168065098533937,1
411,484,49,0.182836724946003,1
411,485,49,0.129695833073639,1
411,486,49,0.0918284215929788,1
411,487,49,0.0860781198662207,1
411,488,49,0.124886443687034,1
411,489,49,0.18255391021335,1
411,490,49,0.178054519341676,1
411,491,49,0.119533306517452,1
411,492,49,0.0798332079585073,1
411,493,49,0.0697544149059367,1
411,494,49,0.0718408633732763,1
411,495,49,0.0727633205582782,1
412,477,49,0.114505713475577,1
412,478,49,0.122962911558376,1
412,479,49,0.125330389357365,1
412,480,49,0.124611948802827,1
412,481,49,0.114829382030512,1
412,482,49,0.106947816467798,1
412,483,49,0.122252442188114,1
412,484,49,0.135955172464206,1
412,485,49,0.121875596335958,1
412,486,49,0.10383692654603,1
412,487,49,0.0846379565047942,1
412,488,49,0.0953182914320758,1
412,489,49,0.135873633140274,1
412,490,49,0.153770336498915,1
412,491,49,0.11186424575428,1
412,492,49,0.0746958337950128,1
412,495,49,0.0677545794273328,1
412,496,49,0.069469039295077,1
412,497,49,0.0784762551044434,1
413,478,49,0.0789136723387835,1
413,479,49,0.0840528920177931,1
413,480,49,0.0839666637619335,1
413,481,49,0.0810663309295223,1
413,482,49,0.0813505763875584,1
413,483,49,0.0891395776248593,1
413,484,49,0.106024649931556,1
413,485,49,0.132768213639088,1
413,486,49,0.14755831925211,1
413,487,49,0.113304865985997,1
413,488,49,0.0861190458259176,1
413,489,49,0.0873178614449951,1
413,490,49,0.098412505588245,1
413,491,49,0.0852189993309495,1
413,498,49,0.0735184129307181,1
414,477,49,0.0664187868814553,1
414,478,49,0.0703117124998942,1
414,479,49,0.0706441156934079,1
414,480,49,0.0709304651593602,1
414,481,49,0.0744256130526015,1
414,482,49,0.0789767084159547,1
414,483,49,0.080393811850619,1
414,484,49,0.0908384978912791,1
414,485,49,0.133228450342143,1
414,486,49,0.178523508717662,1
414,487,49,0.14672114051368,1
414,488,49,0.0920485789698854,1
414,489,49,0.0685507119770422,1
414,490,49,0.069157201276082,1
414,491,49,0.0697773726380287,1
414,498,49,0.0634951055726249,1
415,477,49,0.0635597587301661,1
415,478,49,0.06785479633011,1
415,479,49,0.0676532564175367,1
415,480,49,0.0659535847197183,1
415,481,49,0.0689812100310633,1
415,482,49,0.0744635573325085,1
415,483,49,0.0733154543156641,1
415,484,49,0.076290461394749,1
415,485,49,0.103406843282141,1
415,486,49,0.140831661668987,1
415,487,49,0.12977494377129,1
415,488,49,0.0865729103907116,1
415,489,49,0.0629708288800503,1
415,496,49,0.0712361173950814,1
415,497,49,0.0693329580745043,1
415,498,49,0.0675823814080146,1
415,499,49,0.0712906292344662,1
416,477,49,0.0603910566823099,1
416,478,49,0.0641256887680315,1
416,479,49,0.0645298927345505,1
416,480,49,0.0623041829889589,1
416,481,49,0.0631579894013787,1
416,482,49,0.0674482118289201,1
416,483,49,0.0659488416847299,1
416,485,49,0.0722731348053983,1
416,486,49,0.0868494010767134,1
416,487,49,0.087916638052159,1
416,488,49,0.0700983540742827,1
416,495,49,0.0733097855171926,1
416,496,49,0.0991164344996126,1
416,497,49,0.103331267317789,1
416,498,49,0.0929712285213254,1
416,499,49,0.0868455116677939,1
416,500,49,0.0890155253181164,1
417,477,49,0.0578484532872731,1
417,478,49,0.0604554753932547,1
417,479,49,0.0626692764540402,1
417,480,49,0.0620987055758566,1
417,481,49,0.0627912067185133,1
417,482,49,0.0687018578942954,1
417,494,49,0.0708790672516915,1
417,495,49,0.0776799422111983,1
417,496,49,0.112638917423244,1
417,497,49,0.134908518697633,1
417,498,49,0.130645474040919,1
417,499,49,0.1151058005791,1
417,500,49,0.101318789757334,1
418,477,49,0.0593064466129272,1
418,478,49,0.0605171889511643,1
418,479,49,0.0630276491166918,1
418,480,49,0.0633945339942275,1
418,481,49,0.0640869028849579,1
418,482,49,0.0713806567274776,1
418,493,49,0.123899615882696,1
418,494,49,0.123701634749227,1
418,495,49,0.0915025829041638,1
418,496,49,0.0927713117005732,1
418,497,49,0.110521467902121,1
418,498,49,0.121145998528012,1
418,499,49,0.115665875463507,1
418,500,49,0.105461328863507,1
419,477,49,0.063545499567945,1
419,478,49,0.0632722250083295,1
419,479,49,0.0643295611236662,1
419,480,49,0.0649122871561546,1
419,481,49,0.0664187327783946,1
419,482,49,0.0736162252530196,1
419,493,49,0.160736189724862,1
419,494,49,0.176915493616127,1
419,495,49,0.125094596195915,1
419,496,49,0.101109531141433,1
419,497,49,0.107349982552364,1
419,498,49,0.116370561817724,1
419,499,49,0.113856344495204,1
419,500,49,0.115563813045215,1
420,477,49,0.0687331174404799,1
420,478,49,0.0688918077289757,1
420,479,49,0.0695468094391133,1
420,480,49,0.0714440835489761,1
420,481,49,0.0762578252262422,1
420,482,49,0.0886401642944038,1
420,483,49,0.094122421424081,1
420,484,49,0.0915236350062288,1
420,493,49,0.1169577723928,1
420,494,49,0.134137357716164,1
420,495,49,0.122750058094664,1
420,496,49,0.123698809367168,1
420,497,49,0.140416631078876,1
420,498,49,0.149515214934869,1
420,499,49,0.144409448981728,1
421,477,49,0.0737934488455321,1
421,478,49,0.0784924559653987,1
421,479,49,0.080365744385016,1
421,480,49,0.0840173943985202,1
421,481,49,0.0924554640436349,1
421,482,49,0.110146798195295,1
421,483,49,0.126245897304792,1
421,484,49,0.137553497106424,1
421,485,49,0.125604210959039,1
421,492,49,0.113383219240799,1
421,493,49,0.112405769300317,1
421,494,49,0.111426107145798,1
421,495,49,0.114914708568694,1
421,496,49,0.12850186268422,1
421,497,49,0.15531749166861,1
421,498,49,0.173467830175831,1
422,477,49,0.0860456520183471,1
422,478,49,0.0963791382349071,1
422,479,49,0.0960232182443408,1
422,480,49,0.0977953038831859,1
422,481,49,0.105723295883435,1
422,482,49,0.122614992809343,1
422,483,49,0.143360102085021,1
422,484,49,0.153857622770184,1
422,485,49,0.13264069873646,1
422,486,49,0.0871087170466673,1
422,492,49,0.143663488003644,1
422,493,49,0.145952203769151,1
422,494,49,0.135191718163162,1
422,495,49,0.114575253942935,1
422,496,49,0.113604188163616,1
422,497,49,0.133239571526843,1
423,478,49,0.110201947248506,1
423,479,49,0.103627451517887,1
423,480,49,0.100012862100965,1
423,481,49,0.107100230801252,1
423,482,49,0.121650996496622,1
423,483,49,0.132762887493335,1
423,484,49,0.122717476029218,1
423,485,49,0.100656081366771,1
423,486,49,0.0793013929061413,1
423,492,49,0.128831987537733,1
423,495,49,0.132270188953857,1
423,496,49,0.107529845171949,1
423,497,49,0.125019705536999,1
424,478,49,0.124760864471689,1
424,479,49,0.111249875442731,1
424,480,49,0.10075317231493,1
424,481,49,0.10443285372533,1
424,482,49,0.113151501843255,1
424,483,49,0.116620746393322,1
424,484,49,0.104372631007315,1
424,485,49,0.0890144372454511,1
424,486,49,0.078518533640658,1
424,492,49,0.12102230690834,1
424,496,49,0.121983453793197,1
425,479,49,0.122031304944664,1
425,480,49,0.112182347705415,1
425,481,49,0.120518715619308,1
425,482,49,0.128621274150644,1
425,483,49,0.123328672294539,1
425,484,49,0.112933839218592,1
425,485,49,0.0976571847806599,1
425,486,49,0.0810477435224449,1
425,492,49,0.106114280668789,1
425,493,49,0.159313567778006,1
426,483,49,0.153377223659841,1
426,484,49,0.132235442765983,1
426,485,49,0.115460187649613,1
426,486,49,0.0927804671407345,1
426,487,49,0.0735739106480979,1
426,491,49,0.086787501163817,1
426,492,49,0.0986025756519491,1
426,493,49,0.119442713948029,1
426,494,49,0.150550302669354,1
427,487,49,0.0902575692826963,1
427,488,49,0.0790197504064703,1
427,489,49,0.0867740475360552,1
427,490,49,0.0982410650117767,1
427,491,49,0.0990485471813315,1
427,492,49,0.104458678919639,1
427,493,49,0.115505381739654,1
428,488,49,0.0938808572694892,1
428,489,49,0.09546413524938,1
428,490,49,0.101775371498065,1
428,491,49,0.104055322567738,1
428,492,49,0.11389757102746,1
428,493,49,0.124154753894074,1
429,488,49,0.120051529678679,1
429,489,49,0.113572471747141,1
429,490,49,0.10553433192675,1
429,491,49,0.110382038303236,1
430,489,49,0.152194795256705,1
430,490,49,0.116749752135845,1
431,490,49,0.125130376353394,1
409,477,50,0.199133107860631,1
409,478,50,0.179181329798408,1
409,479,50,0.156966793416913,1
409,480,50,0.160691380367697,1
409,481,50,0.165277167815864,1
410,476,50,0.183600491842509,1
410,477,50,0.289451615224034,1
410,478,50,0.256113790134372,1
410,479,50,0.20052769239914,1
410,480,50,0.215928008399488,1
410,481,50,0.227548816830986,1
410,482,50,0.166561995278558,1
411,476,50,0.14729331043788,1
411,477,50,0.216859446692567,1
411,478,50,0.210410722543731,1
411,479,50,0.181929945625703,1
411,480,50,0.1884199203526,1
411,481,50,0.188499067118959,1
412,477,50,0.118809551840062,1
412,478,50,0.122684797780553,1
408,477,51,0.146715561886976,1
409,476,51,0.153522580549599,1
409,477,51,0.223793126631748,1
409,478,51,0.201795880164943,1
410,476,51,0.180536238759067,1
410,477,51,0.277563321260416,1
410,478,51,0.24522358943462,1
410,479,51,0.193841443790912,1
410,480,51,0.201713066413359,1
410,481,51,0.201517032990075,1
411,477,51,0.196392330965687,1
411,478,51,0.187593093333118,1
409,477,52,0.22880573913726,1
409,478,52,0.220600613225731,1
410,476,52,0.168930891780028,1
410,477,52,0.235265885043356,1
410,478,52,0.218441804920426,1
410,479,52,0.189976585638076,1
411,477,52,0.185413341131869,1
411,478,52,0.169136651731336,1
410,477,53,0.189482384235801,1
410,478,53,0.188821172696585,1
